5 0.309751 1.536611 1.536611 1.536611 
0 -141.934914 103.301379 -18.319074 0.787186 0.057882 0.611312 0.057323 
5 0.957397 1.426325 1.426325 1.426325 
0 117.484513 215.217041 70.439047 0.219796 0.757977 0.292199 -0.540167 
5 0.509389 1.422357 1.422357 1.422357 
0 -163.426547 148.118804 -51.879073 0.827182 0.187232 0.529364 -0.022067 
5 0.481082 1.505678 1.505678 1.505678 
0 138.572209 -119.044659 73.042893 0.094854 0.830044 -0.004504 -0.549554 
5 0.509336 1.575801 1.575801 1.575801 
0 145.092936 -148.369408 9.360491 0.088173 0.682975 -0.114021 -0.716080 
5 0.812651 1.438233 1.438233 1.438233 
0 -74.442098 239.912774 70.683258 0.419784 0.209730 0.807993 -0.356289 
5 0.406107 1.414883 1.414883 1.414883 
0 -151.957482 71.753835 -27.462052 0.770932 -0.012477 0.627134 -0.110503 
5 0.651973 1.392709 1.392709 1.392709 
0 -138.517073 180.757325 -3.999331 0.743477 0.386689 0.544922 -0.027794 
5 0.556417 1.518658 1.518658 1.518658 
0 -10.456212 19.195322 -149.245691 0.990912 -0.016835 -0.018843 -0.132120 
5 0.433533 1.432880 1.432880 1.432880 
0 151.812226 191.042138 42.684376 0.349369 0.746154 0.110350 -0.555895 
5 0.275323 1.396063 1.396063 1.396063 
0 154.712900 -85.925299 21.061861 0.527032 -0.057375 -0.773674 -0.346949 
5 0.590620 1.407794 1.407794 1.407794 
0 157.890560 126.675201 47.756129 0.286676 0.755973 0.104425 -0.579152 
5 0.357755 1.369966 1.369966 1.369966 
0 -79.303311 229.705242 -46.197388 0.813645 0.423126 0.358432 -0.174567 
5 0.232944 1.627219 1.627219 1.627219 
0 140.878664 0.680730 38.233025 0.109479 0.752174 0.125190 -0.637634 
5 0.543126 1.367590 1.367590 1.367590 
0 117.503338 66.145102 -105.673229 0.894453 -0.021737 -0.445440 -0.032627 
5 0.226511 1.398897 1.398897 1.398897 
0 -134.778166 70.319579 -70.623567 0.878992 -0.047415 0.457104 0.127202 
5 0.201073 1.468828 1.468828 1.468828 
0 -140.015835 -23.531826 -46.699472 0.832973 0.055802 0.548636 0.045179 
5 0.182337 1.424772 1.424772 1.424772 
0 -144.634262 34.789829 -50.750260 0.833296 0.082477 0.545196 0.039705 
5 0.155565 1.532373 1.532373 1.532373 
0 -144.348877 -83.670390 -41.397553 0.814610 0.057615 0.575229 0.046943 
5 0.516444 1.345344 1.345344 1.345344 
0 -157.270630 -62.063212 7.780254 0.719218 -0.378131 0.581184 0.044367 
5 0.312787 1.527222 1.527222 1.527222 
0 -165.557380 -66.998414 -39.853419 0.805247 -0.128776 0.567468 -0.113900 
5 0.199788 1.536932 1.536932 1.536932 
0 -170.342601 -109.238129 -2.731771 0.102978 -0.718347 -0.108973 -0.679336 
5 0.718137 1.494521 1.494521 1.494521 
0 148.548187 33.530718 -26.507868 0.712770 0.094326 -0.686809 -0.106565 
5 0.983216 1.464851 1.464851 1.464851 
0 154.328718 58.269037 37.999846 0.192809 -0.745841 -0.085594 0.631838 
5 0.646789 1.634105 1.634105 1.634105 
0 125.664008 -176.267135 4.660821 0.136947 -0.674912 0.142654 0.710907 
5 0.397587 1.531090 1.531090 1.531090 
0 -21.585336 22.458739 -146.199687 0.991519 0.029325 0.028678 -0.123320 
5 0.610989 1.517566 1.517566 1.517566 
0 135.745893 -56.120005 -66.822197 0.802813 0.089655 -0.586383 0.060074 
5 0.416977 1.537793 1.537793 1.537793 
0 110.194222 -213.056064 -68.490816 0.800500 -0.269281 -0.513018 -0.153295 
5 0.498106 1.451681 1.451681 1.451681 
0 113.374395 240.587519 -50.961267 0.709427 0.278607 -0.580193 0.287173 
5 0.455264 1.379477 1.379477 1.379477 
0 136.320467 51.778293 -89.609868 0.852575 0.064139 -0.518401 0.016236 
5 0.156004 1.398754 1.398754 1.398754 
0 140.896267 -80.732724 30.797500 0.509434 -0.113671 -0.781491 -0.341801 
5 0.495712 1.493444 1.493444 1.493444 
0 139.060431 -137.263526 -47.678975 0.773129 -0.211871 -0.597439 -0.021181 
5 0.556117 1.488190 1.488190 1.488190 
0 166.878196 -84.284719 -12.757198 0.693717 -0.109804 -0.711640 -0.016394 
5 1.076254 1.373619 1.373619 1.373619 
0 137.498175 127.397164 -36.744728 0.727440 0.296387 -0.612636 0.087533 
5 0.602815 1.452373 1.452373 1.452373 
0 -143.118844 -3.902007 23.954463 0.678867 -0.228701 0.697670 0.009575 
5 0.378969 1.562836 1.562836 1.562836 
0 40.720206 -257.522391 -37.721848 0.586775 -0.321607 -0.581586 -0.462625 
5 0.530164 1.576798 1.576798 1.576798 
0 146.494152 -67.294522 -24.409575 0.721507 -0.001211 -0.685172 0.099832 
5 0.579434 1.393647 1.393647 1.393647 
0 132.777136 152.818148 -90.411995 0.849661 0.155006 -0.496294 0.087987 
5 0.453013 1.438073 1.438073 1.438073 
0 -160.919718 103.064704 20.812118 0.690651 -0.002856 0.722246 0.036795 
5 0.500225 1.538514 1.538514 1.538514 
0 -149.620438 24.400507 -23.746788 0.101534 0.676105 -0.147409 0.714733 
5 0.563934 1.375612 1.375612 1.375612 
0 -146.787676 79.418041 -50.789420 0.832006 0.062705 0.547014 -0.067898 
5 0.518497 1.387556 1.387556 1.387556 
0 -152.071373 134.493428 -36.287035 0.083358 0.603250 -0.258684 0.749816 
5 0.563942 1.376051 1.376051 1.376051 
0 -142.956847 128.281336 -50.877652 0.831947 0.167353 0.524428 -0.069513 
5 0.245333 1.512444 1.512444 1.512444 
0 -131.874968 -181.253318 -68.577929 0.120583 -0.542835 -0.147516 -0.817942 
5 0.281406 1.586453 1.586453 1.586453 
0 152.658256 21.567430 -1.288170 0.674222 0.093246 -0.715121 0.159160 
5 0.833867 1.615088 1.615088 1.615088 
0 -149.098003 9.333087 -26.901125 0.782943 0.238307 0.563683 -0.111674 
5 0.524176 1.472650 1.472650 1.472650 
0 135.074683 55.547317 52.586874 0.019018 0.803475 0.028081 -0.594371 
5 0.255079 1.463060 1.463060 1.463060 
0 -28.080436 251.179137 35.951916 0.565126 0.543802 0.502094 -0.364436 
5 1.213072 1.469761 1.469761 1.469761 
0 121.680568 -197.581321 29.860718 0.514371 -0.614593 -0.486997 0.347177 
5 0.300466 1.505689 1.505689 1.505689 
0 -146.464031 -32.781784 -59.726354 0.837258 0.218825 0.497150 -0.062904 
5 0.515217 1.545438 1.545438 1.545438 
0 -121.056036 -207.652091 18.931947 0.651362 -0.281482 0.634781 0.305856 
5 1.287942 1.426665 1.426665 1.426665 
0 -151.371573 -52.491500 31.957690 0.621070 0.590460 0.452468 0.246782 
5 0.250981 1.387796 1.387796 1.387796 
0 -147.740130 176.050126 -18.715223 0.761986 0.297328 0.574560 -0.029215 
5 0.552386 1.501019 1.501019 1.501019 
0 -152.211098 -148.337913 20.464437 0.683916 -0.297429 0.660594 0.086088 
5 0.524175 1.475052 1.475052 1.475052 
0 133.932425 -19.943570 59.234125 0.030998 0.785519 0.167231 -0.595006 
5 0.568834 1.426556 1.426556 1.426556 
0 -140.931840 103.491059 -67.087136 0.843083 0.156152 0.486846 -0.166758 
5 0.568834 1.426556 1.426556 1.426556 
0 -140.931840 103.491059 -67.087136 0.843083 0.156152 0.486846 -0.166758 
5 0.608916 1.577099 1.577099 1.577099 
0 -94.984397 -228.164389 36.650555 0.355098 -0.727146 -0.318508 -0.493676 
5 0.394909 1.434070 1.434070 1.434070 
0 141.536982 71.936397 -78.083305 0.828590 0.078694 -0.550616 0.063776 
5 0.404844 1.420068 1.420068 1.420068 
0 -151.498046 22.601189 42.528803 0.063551 -0.819408 0.007734 -0.569625 
5 0.254646 1.465353 1.465353 1.465353 
0 143.135758 91.007996 -5.231886 0.659368 -0.064631 -0.744609 0.081328 
5 0.660187 1.495329 1.495329 1.495329 
0 -144.752105 -180.523311 24.773057 0.240368 -0.785238 -0.107735 -0.560373 
5 0.664914 1.493476 1.493476 1.493476 
0 137.502436 -190.763413 57.970983 0.493876 -0.198938 -0.820335 -0.208713 
5 0.620610 1.574446 1.574446 1.574446 
0 -136.302231 -201.694958 -21.341336 0.130154 -0.674310 -0.207711 -0.696579 
5 0.441255 1.560449 1.560449 1.560449 
0 -149.703218 2.588444 50.113590 0.637821 0.172799 0.749312 -0.043097 
5 0.619201 1.515762 1.515762 1.515762 
0 170.688426 -24.677878 36.620976 0.602944 0.063228 -0.790527 0.086769 
5 0.608916 1.577099 1.577099 1.577099 
0 -94.984397 -228.164389 36.650555 0.355098 -0.727146 -0.318508 -0.493676 
5 0.394909 1.434070 1.434070 1.434070 
0 141.536982 71.936397 -78.083305 0.828590 0.078694 -0.550616 0.063776 
5 0.404844 1.420068 1.420068 1.420068 
0 -151.498046 22.601189 42.528803 0.063551 -0.819408 0.007734 -0.569625 
5 0.254646 1.465353 1.465353 1.465353 
0 143.135758 91.007996 -5.231886 0.659368 -0.064631 -0.744609 0.081328 
5 0.660187 1.495329 1.495329 1.495329 
0 -144.752105 -180.523311 24.773057 0.240368 -0.785238 -0.107735 -0.560373 
5 0.664914 1.493476 1.493476 1.493476 
0 137.502436 -190.763413 57.970983 0.493876 -0.198938 -0.820335 -0.208713 
5 0.620610 1.574446 1.574446 1.574446 
0 -136.302231 -201.694958 -21.341336 0.130154 -0.674310 -0.207711 -0.696579 
5 0.441255 1.560449 1.560449 1.560449 
0 -149.703218 2.588444 50.113590 0.637821 0.172799 0.749312 -0.043097 
5 0.619201 1.515762 1.515762 1.515762 
0 170.688426 -24.677878 36.620976 0.602944 0.063228 -0.790527 0.086769 
5 0.960886 1.566629 1.566629 1.566629 
0 141.140538 -19.967037 43.394647 0.159260 0.718792 0.267154 -0.621774 
5 0.716408 1.676431 1.676431 1.676431 
0 -166.642345 143.133712 -17.026871 0.173148 0.647027 0.010036 0.742478 
5 0.456491 1.437823 1.437823 1.437823 
0 -117.122203 223.306468 -66.599901 0.254582 0.517670 -0.329180 0.747560 
5 0.503136 1.659083 1.659083 1.659083 
0 143.817187 -126.894723 -32.473842 0.731193 -0.073112 -0.677662 -0.028046 
5 0.912803 1.410237 1.410237 1.410237 
0 -2.891212 258.314383 -6.260391 0.536496 0.605257 -0.444353 0.385209 
5 0.864697 1.379764 1.379764 1.379764 
0 -1.388623 276.427620 1.787833 0.330755 0.302736 0.596828 -0.665393 
5 0.878450 1.566659 1.566659 1.566659 
0 131.810671 55.928482 46.594668 0.228938 0.751560 0.195998 -0.586796 
5 0.878369 1.574182 1.574182 1.574182 
0 131.637647 16.997356 45.013688 0.238107 0.749883 0.195475 -0.585466 
5 0.505112 1.421413 1.421413 1.421413 
0 130.641685 -27.300237 89.074079 0.403460 -0.057088 -0.884957 -0.225414 
5 0.432491 1.683255 1.683255 1.683255 
0 -173.320916 98.700020 -11.978145 0.130506 0.655843 -0.018913 0.743290 
5 0.452601 1.390456 1.390456 1.390456 
0 -159.711595 52.817851 -42.001932 0.014913 0.647150 -0.138363 0.749553 
5 0.253953 1.587877 1.587877 1.587877 
0 151.127708 -85.530237 2.351562 0.015627 0.676972 0.013028 -0.735727 
5 0.859758 1.396025 1.396025 1.396025 
0 149.738155 141.919980 -89.883462 0.813584 -0.002172 -0.546747 0.197848 
5 0.334752 1.516434 1.516434 1.516434 
0 142.093012 14.137325 -36.571023 0.761274 -0.065580 -0.629546 0.140832 
5 1.159845 1.586825 1.586825 1.586825 
0 -152.250039 -116.973107 -39.247566 0.285049 -0.584994 0.274722 -0.707853 
5 1.169090 1.478693 1.478693 1.478693 
0 158.749841 -154.063481 -11.125153 0.422468 -0.521080 -0.343330 0.657360 
5 0.748765 1.435575 1.435575 1.435575 
0 -171.620800 37.598707 6.391525 0.104105 -0.750505 0.128949 -0.639748 
5 0.503698 1.406915 1.406915 1.406915 
0 159.406659 142.050345 27.297404 0.150262 0.738922 0.115586 -0.646572 
5 0.645990 1.550127 1.550127 1.550127 
0 -141.934715 -1.456709 34.709806 0.649824 0.234485 0.687416 -0.224065 
5 0.261118 1.475124 1.475124 1.475124 
0 -132.705366 -165.266019 56.149406 0.594396 0.062989 0.789861 0.137278 
5 1.208815 1.451429 1.451429 1.451429 
0 -114.795075 -235.674697 3.473681 0.452053 0.121290 0.664747 0.582279 
5 0.430982 1.496914 1.496914 1.496914 
0 -161.233250 -152.077422 -53.164922 0.839013 -0.084239 0.528530 0.098062 
5 0.760911 1.623778 1.623778 1.623778 
0 -151.201714 -123.271485 -13.691222 0.767656 -0.043570 0.638907 0.024578 
5 0.710113 1.613468 1.613468 1.613468 
0 -151.005492 -71.730229 -13.809501 0.767678 -0.072630 0.636635 0.009520 
5 0.609634 1.430079 1.430079 1.430079 
0 -143.459871 -25.753106 -67.709749 0.130113 -0.574065 -0.119005 -0.799599 
5 0.646023 1.417292 1.417292 1.417292 
0 125.945735 215.726828 25.567062 0.395425 0.714547 0.139963 -0.559886 
5 0.402174 1.542545 1.542545 1.542545 
0 61.926232 -223.898852 -69.712549 0.731868 -0.225463 -0.504914 -0.398243 
5 0.484235 1.437332 1.437332 1.437332 
0 -7.978510 83.055924 -151.188549 0.998950 0.029619 -0.015921 0.031123 
5 0.309163 1.466815 1.466815 1.466815 
0 150.689729 137.190656 21.923195 0.121028 0.729806 0.060796 -0.670103 
5 0.998849 1.425104 1.425104 1.425104 
0 156.135886 83.527329 -19.416381 0.258148 -0.606761 -0.089877 0.746406 
5 0.385770 1.404636 1.404636 1.404636 
0 35.217863 257.264377 66.613651 0.530884 0.731509 0.301194 -0.303873 
5 0.668056 1.395035 1.395035 1.395035 
0 70.859579 260.590228 27.088833 0.249355 0.495026 0.554758 -0.620496 
5 0.686121 1.595834 1.595834 1.595834 
0 148.912020 -88.177012 -79.796173 0.830373 0.024322 -0.556510 0.013633 
5 0.205324 1.394596 1.394596 1.394596 
0 131.582263 107.958802 80.092523 0.072199 0.826017 0.177520 -0.530067 
5 0.257420 1.466821 1.466821 1.466821 
0 -120.132820 -182.885536 -81.774847 0.112858 -0.499571 -0.203727 -0.834378 
5 0.159555 1.395871 1.395871 1.395871 
0 -103.917262 237.850776 -81.409328 0.852741 0.360265 0.345857 -0.153054 
5 1.231091 1.516259 1.516259 1.516259 
0 137.191439 -178.020507 -39.942392 0.211620 0.429114 -0.370883 -0.795942 
5 0.491883 1.498488 1.498488 1.498488 
0 -139.564866 -192.196657 -42.501148 0.040279 -0.595365 -0.203856 -0.776119 
5 0.584073 1.531960 1.531960 1.531960 
0 148.825784 -93.191071 54.784602 0.014534 0.802556 0.044547 -0.594733 
5 0.466771 1.535833 1.535833 1.535833 
0 -144.478567 -93.858918 56.377559 0.599528 -0.109969 0.792676 -0.011685 
5 0.218621 1.421855 1.421855 1.421855 
0 -13.819187 45.440711 -154.451783 0.999998 -0.000572 -0.000256 0.002029 
5 0.179984 1.425281 1.425281 1.425281 
0 99.455515 118.359388 -115.515326 0.905068 0.202739 -0.369213 0.058576 
5 0.276651 1.459636 1.459636 1.459636 
0 134.082246 164.705507 89.423760 0.127071 0.837218 0.154669 -0.508917 
5 0.561178 1.368509 1.368509 1.368509 
0 -148.875815 -52.111405 -76.584362 0.854403 -0.219387 0.455396 0.120331 
5 0.180084 1.421095 1.421095 1.421095 
0 102.802853 69.710769 -115.760523 0.906312 0.202049 -0.368001 0.048484 
5 0.208270 1.370288 1.370288 1.370288 
0 149.178591 98.158403 17.762089 0.162593 0.705419 0.103144 -0.682136 
5 0.413114 1.379225 1.379225 1.379225 
0 133.394748 39.286401 70.148118 0.136246 0.826630 -0.089445 -0.538627 
5 0.299458 1.514344 1.514344 1.514344 
0 -151.621678 -107.141573 -38.836216 0.146148 -0.641277 -0.144699 -0.739234 
5 0.306514 1.353543 1.353543 1.353543 
0 -131.633339 104.021403 -113.901834 0.926347 0.063850 0.366905 0.056447 
5 0.739404 1.355722 1.355722 1.355722 
0 -162.730902 34.127672 -66.460304 0.835980 -0.090945 0.540488 0.027199 
5 0.713224 1.362824 1.362824 1.362824 
0 144.718593 43.537796 -20.298092 0.699143 -0.273458 -0.660433 -0.015767 
5 0.433693 1.469423 1.469423 1.469423 
0 61.389474 -265.508880 -27.776394 0.500829 -0.297685 -0.632203 -0.510757 
5 1.039593 1.432721 1.432721 1.432721 
0 142.849892 -146.380047 24.644940 0.203837 0.666316 -0.309963 -0.646835 
5 0.643364 1.539395 1.539395 1.539395 
0 -155.903381 -122.544462 -32.815853 0.793999 -0.096786 0.561319 -0.212411 
5 0.521037 1.519252 1.519252 1.519252 
0 -159.622830 -129.009686 -11.120754 0.741351 -0.144417 0.631433 0.175596 
5 0.537088 1.446488 1.446488 1.446488 
0 -23.237376 15.908500 -148.636477 0.998910 -0.038844 0.016466 0.019983 
5 0.520462 1.558359 1.558359 1.558359 
0 159.003725 -57.329264 -3.420321 0.097417 0.652579 0.039734 -0.750381 
5 0.678861 1.566682 1.566682 1.566682 
0 -161.034617 -62.983250 45.549386 0.657355 0.051740 0.751780 -0.005756 
5 0.532742 1.531100 1.531100 1.531100 
0 145.191212 60.352959 -18.338232 0.153797 0.577906 0.319919 -0.734863 
5 0.158087 1.398800 1.398800 1.398800 
0 -150.375669 46.533032 -80.606880 0.880893 -0.012957 0.472882 0.015583 
5 0.177040 1.449119 1.449119 1.449119 
0 151.432175 64.852906 4.340618 0.084236 0.693982 0.072354 -0.711378 
5 0.380611 1.415415 1.415415 1.415415 
0 -130.985548 -194.664536 68.715381 0.507119 0.066169 0.831529 0.216822 
5 0.200235 1.407593 1.407593 1.407593 
0 -140.188470 42.366819 24.978747 0.669672 -0.004108 0.716731 -0.194473 
5 1.192504 1.381530 1.381530 1.381530 
0 40.858832 265.544822 -10.271078 0.385969 0.398098 0.526005 -0.644876 
5 0.185316 1.356680 1.356680 1.356680 
0 88.081734 224.800681 80.955717 0.330016 0.794073 0.241902 -0.449467 
5 0.262325 1.592804 1.592804 1.592804 
0 -24.792711 273.848086 -1.820206 0.559785 0.531136 0.497304 -0.396514 
5 0.893135 1.466723 1.466723 1.466723 
0 129.853527 -221.561821 11.611668 0.082948 0.545308 -0.448827 -0.703074 
5 0.162546 1.399844 1.399844 1.399844 
0 -151.841234 -19.893550 -70.804670 0.869611 -0.057427 0.487697 0.051284 
5 0.725173 1.439513 1.439513 1.439513 
0 160.526537 -94.061156 6.181732 0.214514 0.681189 0.004703 -0.699959 
5 0.358192 1.395093 1.395093 1.395093 
0 -17.229899 -88.583645 -146.888741 0.992329 0.088322 0.083666 0.021957 
