5 0.368516 1.379878 1.379878 1.379878 
0 91.576672 -15.241424 -220.132186 0.689573 0.137163 -0.268177 -0.658602 
5 0.286500 1.388759 1.388759 1.388759 
0 -75.823163 -20.052284 -246.147706 0.738105 0.098800 0.149038 0.650559 
5 0.519887 1.394640 1.394640 1.394640 
0 183.551117 -31.486100 23.093806 0.733849 -0.293834 -0.480444 0.379869 
5 0.486762 1.381418 1.381418 1.381418 
0 6.724555 -32.074109 -225.357602 0.657737 -0.162645 -0.065982 0.732513 
5 0.467372 1.366499 1.366499 1.366499 
0 -191.402627 39.083968 -149.967710 0.692032 0.397963 0.233274 0.555248 
5 1.102101 1.378148 1.378148 1.378148 
0 77.274547 -10.902951 -252.779634 0.893050 -0.033552 -0.130561 0.429291 
5 0.342254 1.376293 1.376293 1.376293 
0 -102.054231 -2.381340 -215.819401 0.705060 0.213008 0.172428 0.654054 
5 1.208579 1.369186 1.369186 1.369186 
0 -94.236176 -5.253651 230.621385 0.170906 0.387412 0.905745 0.018158 
5 0.141367 1.385223 1.385223 1.385223 
0 10.251676 -0.512950 -232.543838 0.668131 0.129266 0.051802 0.730895 
5 0.735831 1.376269 1.376269 1.376269 
0 157.370314 25.707979 -180.039913 0.707909 -0.086016 -0.251012 0.654568 
5 1.207809 1.343841 1.343841 1.343841 
0 -88.012754 35.797909 -244.717018 0.441905 0.222573 -0.070170 0.866174 
5 0.833785 1.384745 1.384745 1.384745 
0 55.107808 21.290876 232.341409 0.003579 -0.809555 0.586987 -0.007365 
5 0.179254 1.341247 1.341247 1.341247 
0 13.852272 -69.733500 -247.501545 0.742057 -0.127086 0.105947 0.649597 
5 0.621455 1.350326 1.350326 1.350326 
0 180.592098 -5.303410 -107.208734 0.663487 -0.235168 -0.283749 0.651128 
5 0.693451 1.342324 1.342324 1.342324 
0 -2.550956 23.526188 -263.635479 0.726976 0.019630 0.013353 -0.686252 
5 0.067511 1.315309 1.315309 1.315309 
0 179.390696 -106.311102 -14.733096 0.585017 -0.649336 -0.401742 0.273351 
5 0.223623 1.381505 1.381505 1.381505 
0 -2.339151 13.913199 -266.101645 0.695680 0.046596 -0.070046 0.713408 
5 0.275327 1.323265 1.323265 1.323265 
0 130.775277 45.705734 -217.682203 0.594648 -0.134709 -0.378166 0.696590 
5 0.361516 1.336193 1.336193 1.336193 
0 217.596383 -13.894208 142.688546 0.404426 0.481358 -0.658955 -0.412932 
5 0.853814 1.339963 1.339963 1.339963 
0 182.141186 -32.813386 -28.576598 0.754963 -0.268968 -0.348252 0.486217 
5 1.398313 1.343350 1.343350 1.343350 
0 203.111447 32.102663 18.077294 0.759468 0.250617 -0.510209 -0.316363 
5 0.563713 1.334441 1.334441 1.334441 
0 -221.068107 37.262988 -34.663528 0.682232 0.422916 0.282257 0.525389 
5 0.320797 1.325654 1.325654 1.325654 
0 -15.689177 -71.536108 -262.265824 0.717875 -0.118630 0.119895 0.675431 
5 0.230330 1.308875 1.308875 1.308875 
0 194.344977 -88.090256 -96.106718 0.660466 -0.527449 -0.289443 0.449226 
5 0.107462 1.366141 1.366141 1.366141 
0 196.951639 64.378940 -43.379745 0.694991 0.378269 -0.249135 -0.558419 
5 0.142462 1.306893 1.306893 1.306893 
0 195.244080 -88.822591 52.544897 0.606843 -0.588278 -0.283546 0.453070 
5 0.449854 1.357057 1.357057 1.357057 
0 123.158640 -15.941028 -193.579412 0.846900 -0.064343 -0.196785 0.489791 
5 0.229493 1.313886 1.313886 1.313886 
0 210.015845 106.416006 59.119513 0.658669 0.568230 -0.318902 -0.376260 
5 1.285546 1.312588 1.312588 1.312588 
0 16.384680 -44.961380 -280.031102 0.917426 -0.042178 0.044795 0.393121 
5 1.059036 1.307490 1.307490 1.307490 
0 42.849109 -3.517835 270.659889 0.047468 -0.903782 0.417192 0.082920 
5 1.178501 1.295079 1.295079 1.295079 
0 -113.590724 29.295396 -225.357191 0.423242 0.230009 -0.040054 0.875419 
5 0.537911 1.413220 1.413220 1.413220 
0 56.487589 28.614623 229.554924 0.047119 0.834460 -0.548831 -0.015525 
5 0.496961 1.406119 1.406119 1.406119 
0 -36.335204 -13.085490 -250.708018 0.702251 -0.010442 -0.009954 0.711784 
5 0.827663 1.407321 1.407321 1.407321 
0 98.954503 9.236021 217.495684 0.060224 0.773634 -0.620632 -0.112597 
5 0.645124 1.370321 1.370321 1.370321 
0 -13.226346 -15.615200 -249.284446 0.664761 0.032422 0.053506 0.744432 
5 0.502251 1.351809 1.351809 1.351809 
0 73.358359 22.107447 -246.714620 0.681389 -0.015346 -0.161411 0.713736 
5 0.434163 1.358795 1.358795 1.358795 
0 -190.807797 47.955762 -111.060151 0.579131 -0.255085 0.339118 -0.696087 
5 1.207956 1.349670 1.349670 1.349670 
0 -66.606242 -0.547723 -252.041741 0.999949 0.001349 0.008004 0.006003 
5 0.568034 1.352769 1.352769 1.352769 
0 -76.589793 28.349420 -261.195113 0.693940 0.110222 -0.058935 0.709102 
5 1.508167 1.311136 1.311136 1.311136 
0 -214.511335 -36.050030 100.498656 0.671504 -0.023830 0.732928 0.106447 
5 0.526636 1.337256 1.337256 1.337256 
0 -48.389669 30.154310 247.613858 0.019546 0.687545 -0.725149 0.032545 
5 0.379625 1.326874 1.326874 1.326874 
0 32.010860 -26.580649 258.620734 0.023357 0.650355 -0.735331 -0.189156 
5 0.689576 1.331391 1.331391 1.331391 
0 -122.790336 -27.395467 -210.583468 0.691261 0.179360 0.225243 0.662763 
5 0.071771 1.315430 1.315430 1.315430 
0 -180.646634 -48.172677 193.358901 0.414597 -0.698364 0.552934 -0.186172 
5 0.915341 1.321412 1.321412 1.321412 
0 -35.369787 -61.832652 -229.240089 0.837274 0.006283 0.260923 0.480471 
5 0.409332 1.355125 1.355125 1.355125 
0 219.640129 7.482165 -128.526912 0.509372 -0.379775 -0.360650 0.682819 
5 0.639811 1.346642 1.346642 1.346642 
0 -163.192474 4.729643 -143.608721 0.684523 0.218681 0.157456 0.677358 
5 0.533108 1.320041 1.320041 1.320041 
0 -52.415430 14.039802 -267.221247 0.755622 0.188863 0.096346 0.619744 
5 0.014554 1.311014 1.311014 1.311014 
0 -189.544529 -45.542751 58.052592 0.427618 -0.716541 0.442975 -0.327849 
5 0.645331 1.368752 1.368752 1.368752 
0 -220.345940 20.655603 128.955816 0.405683 0.660441 0.532948 0.339420 
5 0.164990 1.332781 1.332781 1.332781 
0 -94.212773 -15.463039 -259.286471 0.733782 0.087850 0.067086 0.670333 
5 0.143980 1.310293 1.310293 1.310293 
0 -190.446530 -44.916022 88.389899 0.425398 -0.716411 0.438891 -0.336401 
5 1.445345 1.302941 1.302941 1.302941 
0 -87.739682 27.778962 -273.257338 0.992265 0.052689 0.072462 -0.085924 
5 0.637337 1.328393 1.328393 1.328393 
0 -79.677033 55.259514 -262.055651 0.690960 0.293962 0.033795 0.659559 
5 0.480993 1.300237 1.300237 1.300237 
0 142.054942 -88.996140 222.164551 0.058892 0.575873 -0.701273 -0.416075 
5 1.082863 1.301519 1.301519 1.301519 
0 -16.372289 -93.218812 -250.517511 0.875214 -0.119287 0.176029 0.434495 
5 0.645331 1.368874 1.368874 1.368874 
0 -221.101080 23.282149 165.149631 0.436742 0.652399 0.521575 0.334053 
5 0.242019 1.313147 1.313147 1.313147 
0 -177.208906 -38.735172 -151.980141 0.598964 0.219521 0.265034 0.723056 
5 0.382172 1.293046 1.293046 1.293046 
0 -96.549434 -59.781158 -231.635743 0.715358 -0.324009 0.064776 -0.615699 
5 0.292197 1.307901 1.307901 1.307901 
0 25.391524 54.250277 217.166733 0.244742 0.613835 -0.750154 -0.024038 
5 0.805290 1.316841 1.316841 1.316841 
0 -219.912845 -27.274644 -15.980688 0.337264 0.469959 0.210669 0.788042 
5 0.784360 1.305393 1.305393 1.305393 
0 -140.649561 53.643480 -253.712676 0.656626 0.294097 0.030484 0.693844 
5 0.795481 1.304777 1.304777 1.304777 
0 -217.271062 -18.059968 36.274259 0.333628 0.589051 0.259296 0.688823 
5 0.835259 1.297006 1.297006 1.297006 
0 -180.769504 -53.308375 -176.981274 0.673049 0.185262 0.411740 0.585792 
5 0.524620 1.294642 1.294642 1.294642 
0 52.654200 -76.741297 222.150778 0.055517 0.604868 -0.675815 -0.417525 
5 0.838174 1.429019 1.429019 1.429019 
0 59.074475 29.886900 -225.844714 0.883575 0.048437 -0.034259 -0.464516 
5 0.274560 1.392272 1.392272 1.392272 
0 -31.545477 7.517285 -250.332547 0.643757 -0.022395 0.002201 -0.764899 
5 1.339214 1.381543 1.381543 1.381543 
0 206.005160 28.568979 58.614804 0.645283 0.332379 -0.605475 -0.326394 
5 0.343350 1.370835 1.370835 1.370835 
0 198.127756 -16.235051 115.737186 0.251746 0.614130 -0.647752 -0.374014 
5 1.312315 1.372671 1.372671 1.372671 
0 187.431443 -2.760902 -16.999224 0.766512 0.156888 -0.429936 -0.450555 
5 0.612421 1.351542 1.351542 1.351542 
0 180.788233 -77.129862 -167.375381 0.695758 -0.439374 -0.227600 0.520644 
5 0.713665 1.369344 1.369344 1.369344 
0 21.407323 -30.218909 -247.416471 0.851189 -0.146650 -0.042111 -0.502193 
5 0.307070 1.340317 1.340317 1.340317 
0 45.944818 97.756864 214.295380 0.189357 0.766680 -0.594361 0.151924 
5 0.714367 1.358774 1.358774 1.358774 
0 1.414592 40.665378 255.492002 0.002153 0.709382 -0.695502 0.114236 
5 0.764149 1.358746 1.358746 1.358746 
0 -67.795835 41.300187 255.825824 0.018912 0.709640 -0.696705 0.103231 
5 0.611866 1.351979 1.351979 1.351979 
0 204.925558 -8.782579 -159.788499 0.620408 -0.356426 -0.404950 0.569272 
5 0.734985 1.347135 1.347135 1.347135 
0 -171.481179 -21.756051 -218.718177 0.623400 0.248115 0.236598 0.702733 
5 0.311196 1.345561 1.345561 1.345561 
0 203.881339 68.100509 10.692048 0.613237 0.519791 -0.350994 -0.480167 
5 0.160292 1.341219 1.341219 1.341219 
0 209.121528 54.042886 -14.472479 0.475156 0.602388 -0.571688 -0.290736 
5 0.480605 1.351289 1.351289 1.351289 
0 160.410930 9.716248 -225.131707 0.706895 0.189894 -0.216011 -0.646204 
5 0.074937 1.337743 1.337743 1.337743 
0 -184.861185 12.781760 -163.500297 0.654999 0.362623 0.243843 0.616459 
5 1.429968 1.315307 1.315307 1.315307 
0 -73.188406 -3.401128 -261.633492 0.996760 0.018126 0.030205 0.072311 
5 1.082152 1.310284 1.310284 1.310284 
0 148.940784 -24.823743 244.991504 0.245139 -0.121606 -0.961831 -0.000607 
5 0.384896 1.329783 1.329783 1.329783 
0 -194.725688 -56.534047 -122.653405 0.652900 0.226272 0.561568 0.455154 
5 0.047550 1.339870 1.339870 1.339870 
0 -202.639284 11.458549 155.623358 0.427199 0.594619 0.623478 0.274233 
5 0.703884 1.330798 1.330798 1.330798 
0 26.316339 43.672682 228.782953 0.018533 0.788109 -0.606845 0.101389 
5 0.119014 1.323984 1.323984 1.323984 
0 -213.415582 -39.545554 -26.229988 0.406558 0.500001 0.451215 0.617345 
5 1.030646 1.331004 1.331004 1.331004 
0 232.610905 29.774163 35.005162 0.653566 0.360767 -0.512697 -0.424075 
5 0.813220 1.337370 1.337370 1.337370 
0 172.211269 40.289308 -96.719097 0.807074 0.211746 -0.269890 -0.480578 
5 0.453732 1.367753 1.367753 1.367753 
0 -199.548648 -55.549323 -71.362151 0.661442 -0.497276 0.513727 -0.226485 
5 1.278455 1.388077 1.388077 1.388077 
0 -39.924837 -13.805355 -235.550278 0.488121 0.000044 -0.023162 0.872468 
5 0.329051 1.347971 1.347971 1.347971 
0 195.327878 54.370559 -115.975673 0.507827 -0.244550 -0.472658 0.677422 
5 0.381741 1.339989 1.339989 1.339989 
0 126.418610 74.941469 -213.404295 0.720835 0.321734 -0.099003 -0.605874 
5 0.702912 1.349125 1.349125 1.349125 
0 -170.579492 50.026891 -116.943890 0.554129 -0.214066 0.300172 -0.746333 
5 1.197025 1.316564 1.316564 1.316564 
0 0.856025 -14.219927 -261.242589 0.128359 0.177182 0.015660 0.975646 
5 0.367564 1.336570 1.336570 1.336570 
0 -210.543948 9.231635 12.488083 0.665553 0.385616 0.367868 0.522506 
5 0.481908 1.334480 1.334480 1.334480 
0 209.797336 12.250257 -122.031725 0.579459 0.399439 -0.446250 -0.552753 
5 0.136244 1.338424 1.338424 1.338424 
0 195.046433 92.185376 -113.539779 0.701712 0.490551 -0.268838 -0.441233 
5 0.151818 1.326742 1.326742 1.326742 
0 -230.386098 45.617804 -50.070789 0.423722 -0.475876 0.477384 -0.605068 
5 0.111814 1.335084 1.335084 1.335084 
0 -209.744091 14.796826 -48.291180 0.663391 0.397050 0.356846 0.524333 
5 0.188859 1.327236 1.327236 1.327236 
0 -213.576444 -68.850305 -30.981701 0.666058 -0.535098 0.279337 -0.438187 
5 0.357269 1.340924 1.340924 1.340924 
0 194.127886 50.454299 -155.679345 0.497455 -0.273838 -0.454343 0.686385 
5 0.420823 1.324620 1.324620 1.324620 
0 -212.448058 -4.667163 -28.232330 0.399136 -0.655933 0.476032 -0.428760 
5 0.089299 1.352802 1.352802 1.352802 
0 -189.765559 -14.386968 -91.496069 0.551555 0.331237 0.276644 0.713818 
5 0.277325 1.341603 1.341603 1.341603 
0 -206.735536 53.085447 39.995488 0.499125 0.644557 0.506325 0.281167 
5 0.387984 1.340534 1.340534 1.340534 
0 224.067776 53.542998 -11.789515 0.502504 -0.265103 -0.465083 0.678902 
5 0.192808 1.424481 1.424481 1.424481 
0 197.871304 26.819047 -31.410813 0.624797 0.405914 -0.402241 -0.532039 
5 0.193803 1.425085 1.425085 1.425085 
0 193.106005 23.822834 -94.532412 0.623742 0.375648 -0.372117 -0.575642 
5 0.918623 1.379335 1.379335 1.379335 
0 -188.133790 42.688538 -172.153524 0.688686 -0.241269 0.436906 -0.525941 
5 1.164303 1.359106 1.359106 1.359106 
0 204.018807 72.279453 95.314201 0.615566 0.411096 -0.651040 -0.168001 
5 0.657102 1.356471 1.356471 1.356471 
0 -205.461348 4.290851 -18.872141 0.624465 -0.375922 0.330917 -0.599350 
5 0.383011 1.353392 1.353392 1.353392 
0 -187.879331 8.022502 -64.380787 0.651513 -0.341985 0.333513 -0.589361 
5 0.374554 1.351957 1.351957 1.351957 
0 -188.281104 5.289851 -148.632319 0.651535 -0.359588 0.324522 -0.583853 
5 0.633297 1.373719 1.373719 1.373719 
0 231.510041 -4.368647 96.158727 0.577188 0.275984 -0.697864 -0.321984 
5 0.230194 1.343749 1.343749 1.343749 
0 -230.974984 -5.856973 49.626139 0.555416 -0.517974 0.466826 -0.453088 
5 0.141749 1.307006 1.307006 1.307006 
0 -138.666194 91.130025 -183.781810 0.561249 -0.119604 0.410703 -0.708532 
5 0.070493 1.330314 1.330314 1.330314 
0 191.461527 38.299999 151.851179 0.355267 0.692636 -0.516094 -0.357334 
5 0.055135 1.332770 1.332770 1.332770 
0 -174.909566 14.253872 -119.257268 0.651276 -0.236718 0.231131 -0.682922 
5 0.744450 1.325341 1.325341 1.325341 
0 -170.999738 70.038763 -120.433218 0.454710 -0.220997 0.319792 -0.801332 
5 0.337601 1.299094 1.299094 1.299094 
0 -211.750899 -102.056374 -17.131237 0.652560 -0.614625 0.325665 -0.300573 
5 0.672148 1.381304 1.381304 1.381304 
0 -196.368442 4.749680 -2.857102 0.376560 -0.630788 0.571825 -0.365137 
5 0.705781 1.378241 1.378241 1.378241 
0 -177.374443 20.889428 -29.617685 0.632240 -0.266975 0.292612 -0.665865 
5 0.707215 1.375260 1.375260 1.375260 
0 -179.361992 18.744112 -139.669324 0.625289 -0.280799 0.304547 -0.661374 
5 0.452034 1.369857 1.369857 1.369857 
0 -187.504384 3.764254 42.821591 0.336765 -0.618336 0.659725 -0.262703 
5 0.184054 1.364149 1.364149 1.364149 
0 -149.253024 31.674086 -174.828305 0.694180 -0.232681 0.351130 -0.583679 
5 0.639881 1.369915 1.369915 1.369915 
0 12.536425 12.227122 254.694393 0.132221 -0.694668 0.697893 -0.113576 
5 0.627836 1.374826 1.374826 1.374826 
0 -51.089952 17.362264 -260.195174 0.542599 -0.000278 -0.001005 -0.839991 
5 0.464691 1.352497 1.352497 1.352497 
0 62.199613 68.697351 -252.645582 0.833046 0.153159 0.026828 -0.530902 
5 0.085465 1.364816 1.364816 1.364816 
0 -101.144759 9.165046 221.005677 0.141792 -0.744901 0.636066 -0.142957 
5 0.773428 1.342458 1.342458 1.342458 
0 160.311498 -67.669050 -196.131699 0.594016 -0.420202 -0.133599 0.672850 
5 0.230498 1.347209 1.347209 1.347209 
0 -173.018236 8.668245 174.017721 0.222338 -0.736090 0.583841 -0.260512 
5 0.700402 1.337797 1.337797 1.337797 
0 -208.207486 -6.255528 -26.070813 0.679150 -0.324281 0.278893 -0.596503 
5 1.217849 1.330411 1.330411 1.330411 
0 -203.894027 25.614264 96.076707 0.278823 -0.679710 0.355731 -0.577674 
5 0.191578 1.336754 1.336754 1.336754 
0 -196.650186 22.248405 184.941581 0.393704 -0.525762 0.672115 -0.341808 
5 0.408697 1.347811 1.347811 1.347811 
0 28.062458 -3.792494 263.446244 0.053325 0.887468 0.456781 0.030124 
5 1.355989 1.305234 1.305234 1.305234 
0 -236.134191 1.529512 15.881396 0.840977 -0.088736 0.528495 -0.074674 
5 0.192630 1.318325 1.318325 1.318325 
0 -196.870968 -69.096220 13.103022 0.640892 -0.563954 0.372830 -0.363609 
5 0.541497 1.371294 1.371294 1.371294 
0 -98.064323 52.796755 -251.785907 0.692275 0.005300 0.134590 -0.708952 
5 0.189843 1.329179 1.329179 1.329179 
0 -209.012257 63.978683 -40.273376 0.513452 -0.292219 0.403232 -0.698841 
5 0.201512 1.331540 1.331540 1.331540 
0 -15.883014 2.983079 248.541703 0.081993 0.703796 0.705369 0.020085 
5 0.201262 1.355153 1.355153 1.355153 
0 -156.256935 -89.950855 212.914122 0.130794 0.524614 0.748493 0.383968 
5 0.338973 1.341726 1.341726 1.341726 
0 -191.095914 -27.138416 -155.545420 0.713484 -0.312626 0.168060 -0.604121 
5 1.526085 1.301066 1.301066 1.301066 
0 222.530679 44.305678 -114.502711 0.711309 0.069686 -0.684548 0.143452 
5 1.273985 1.317883 1.317883 1.317883 
0 -72.800566 5.105537 -277.654605 0.999529 0.009924 0.027939 0.007884 
5 0.329714 1.315698 1.315698 1.315698 
0 -198.477864 -46.577351 155.942026 0.420561 -0.611528 0.652723 -0.152035 
5 1.258105 1.294496 1.294496 1.294496 
0 -115.578660 -3.467816 -238.188124 0.978969 -0.063101 0.159759 -0.110072 
5 1.159197 1.314731 1.314731 1.314731 
0 -235.520678 20.434114 108.385731 0.237485 -0.719495 0.322458 -0.567404 
5 0.001380 1.307531 1.307531 1.307531 
0 210.232706 72.064875 -11.538650 0.434937 -0.270913 -0.453775 0.729057 
5 0.692767 1.384443 1.384443 1.384443 
0 58.171339 21.261658 -245.272057 0.730725 0.012797 0.002276 -0.682548 
5 0.583760 1.375384 1.375384 1.375384 
0 -55.714728 48.469451 -250.103864 0.428972 -0.024058 0.106903 -0.896647 
5 0.863352 1.387892 1.387892 1.387892 
0 117.622757 25.126734 -194.863411 0.812721 0.118454 -0.124979 -0.556626 
5 0.309974 1.360299 1.360299 1.360299 
0 197.185872 44.445725 -46.766043 0.641334 0.423380 -0.317959 -0.555286 
5 0.111148 1.347750 1.347750 1.347750 
0 186.189520 -55.771720 -156.117297 0.710369 -0.351267 -0.248595 0.556945 
5 0.142183 1.335260 1.335260 1.335260 
0 178.764340 -41.943360 -34.699592 0.546923 0.210243 -0.375850 -0.717920 
5 0.143301 1.354232 1.354232 1.354232 
0 -153.604814 -54.300410 232.402250 0.086277 0.742630 0.592062 0.300864 
5 0.428907 1.349069 1.349069 1.349069 
0 -184.168603 -10.664339 -50.740641 0.624690 0.314745 0.268075 0.662446 
5 0.242904 1.340721 1.340721 1.340721 
0 201.152389 -73.275163 -44.561284 0.712264 -0.429248 -0.290315 0.473438 
5 0.163408 1.334704 1.334704 1.334704 
0 -212.705195 39.057651 -3.289982 0.607789 0.510439 0.310003 0.523396 
5 1.181614 1.307812 1.307812 1.307812 
0 -167.251725 2.835482 -198.203027 0.947860 -0.034520 0.310703 -0.061914 
5 0.182390 1.334823 1.334823 1.334823 
0 196.703813 21.537592 -178.160567 0.655690 0.293164 -0.277803 -0.637928 
5 0.804450 1.358496 1.358496 1.358496 
0 202.695321 -54.566479 -13.746578 0.705874 -0.384138 -0.263947 0.533396 
5 0.308330 1.335539 1.335539 1.335539 
0 195.078664 46.456905 -85.787061 0.675387 0.409060 -0.307222 -0.531166 
5 0.240824 1.330977 1.330977 1.330977 
0 -173.671795 -17.080644 213.135732 0.323908 -0.607038 0.710153 -0.149234 
5 0.421126 1.371266 1.371266 1.371266 
0 228.793510 15.940715 22.628841 0.528085 -0.377666 -0.472392 0.596104 
5 0.147560 1.327413 1.327413 1.327413 
0 -216.017318 30.098533 -47.153883 0.516948 0.560401 0.316190 0.564570 
5 0.351523 1.447508 1.447508 1.447508 
0 -177.359642 4.220190 43.644717 0.328332 -0.641604 0.629377 -0.290563 
5 0.414459 1.430736 1.430736 1.430736 
0 -190.515909 6.504286 97.848315 0.320944 -0.634873 0.639763 -0.290921 
5 0.518167 1.404926 1.404926 1.404926 
0 -155.069779 12.466347 -195.260140 0.699245 -0.227015 0.252571 -0.629069 
5 0.744513 1.395869 1.395869 1.395869 
0 -178.822689 7.637327 152.416337 0.299181 -0.661574 0.626717 -0.282907 
5 0.540007 1.406964 1.406964 1.406964 
0 -207.279750 7.872706 -136.337439 0.696546 -0.339142 0.479590 -0.412067 
5 0.614192 1.365412 1.365412 1.365412 
0 -201.193135 29.266430 -77.743326 0.638921 -0.270660 0.373335 -0.615747 
5 0.180342 1.353850 1.353850 1.353850 
0 -186.610662 -28.394490 -50.200385 0.563888 0.341804 0.332630 0.674208 
5 0.601693 1.353651 1.353651 1.353651 
0 40.379206 7.224024 -210.134301 0.712096 -0.158055 -0.274332 0.626642 
5 0.302670 1.346168 1.346168 1.346168 
0 -202.631538 -31.439678 84.900016 0.286582 0.641343 0.370281 0.607818 
5 0.196076 1.344454 1.344454 1.344454 
0 185.101093 46.837203 -125.661560 0.753693 0.323030 -0.298207 -0.488541 
5 0.277516 1.350373 1.350373 1.350373 
0 -136.777802 -10.339000 -235.547866 0.686319 -0.217278 0.085991 -0.688740 
5 0.724030 1.354092 1.354092 1.354092 
0 229.872775 -33.540243 64.540603 0.570860 0.234081 -0.630360 -0.471138 
5 0.387912 1.338107 1.338107 1.338107 
0 -200.537563 26.411358 -13.633005 0.630692 -0.305137 0.382925 -0.602069 
5 1.352594 1.336352 1.336352 1.336352 
0 -65.735620 -18.418597 -261.068067 0.997376 -0.025048 -0.025739 0.062861 
5 0.069397 1.404271 1.404271 1.404271 
0 -175.139258 -8.649596 -176.406381 0.730465 0.227788 0.272361 0.583398 
5 0.207925 1.338801 1.338801 1.338801 
0 203.927983 -22.402297 -15.187221 0.664403 0.220371 -0.421657 -0.576378 
5 0.313046 1.317628 1.317628 1.317628 
0 -199.034093 101.956705 33.226266 0.312721 -0.383447 0.631868 -0.596588 
5 0.196059 1.328757 1.328757 1.328757 
0 197.461749 45.393682 -84.933122 0.714422 0.343960 -0.317539 -0.520059 
5 0.286655 1.309594 1.309594 1.309594 
0 181.981775 99.401624 -7.989461 0.742039 0.466661 -0.256748 -0.407046 
5 0.136027 1.312703 1.312703 1.312703 
0 -166.832777 53.796084 186.931205 0.334868 0.706351 0.617731 0.085675 
5 0.098404 1.395039 1.395039 1.395039 
0 208.392547 -14.787826 -98.385743 0.531058 0.356009 -0.399307 -0.657107 
5 0.095307 1.330944 1.330944 1.330944 
0 -219.797572 8.198707 -20.786506 0.552018 0.421924 0.249197 0.674654 
5 0.647776 1.380479 1.380479 1.380479 
0 -81.601022 13.371859 -231.518334 0.699741 0.253031 0.187443 0.641251 
5 0.516642 1.373522 1.373522 1.373522 
0 -208.285865 -3.195250 -17.914969 0.463044 0.554192 0.446636 0.528184 
5 0.192916 1.370356 1.370356 1.370356 
0 -208.153533 -9.256538 71.379539 0.466375 0.543983 0.462133 0.522504 
5 0.686692 1.343318 1.343318 1.343318 
0 103.924415 90.291779 -221.282033 0.638055 0.344579 -0.004577 -0.688571 
5 0.593547 1.334101 1.334101 1.334101 
0 210.530946 64.769736 126.550145 0.556384 0.403980 -0.712816 -0.138309 
5 1.083555 1.344683 1.344683 1.344683 
0 -37.477898 7.646216 242.915359 0.167048 0.872834 0.424999 0.172135 
5 1.166947 1.330749 1.330749 1.330749 
0 213.231243 56.345561 67.507754 0.638323 0.397629 -0.605293 -0.260876 
5 0.300062 1.339784 1.339784 1.339784 
0 -233.437833 7.121544 46.633905 0.522711 0.537423 0.488073 0.446917 
5 0.340623 1.346337 1.346337 1.346337 
0 -227.198064 -0.457420 28.973021 0.419502 0.620276 0.519239 0.411907 
5 1.085701 1.307672 1.307672 1.307672 
0 -191.980000 12.335503 204.889367 0.029431 -0.922577 0.094529 -0.372893 
5 0.221675 1.335539 1.335539 1.335539 
0 -228.754120 51.121263 104.320641 0.579879 0.588428 0.416191 0.379840 
5 0.102133 1.334516 1.334516 1.334516 
0 -222.023202 -1.943728 81.860461 0.415426 -0.635899 0.498243 -0.418101 
5 0.725343 1.327706 1.327706 1.327706 
0 162.801233 -5.381294 -119.111784 0.658793 0.157567 -0.255287 -0.689922 
5 0.271030 1.339782 1.339782 1.339782 
0 -220.370311 47.622063 72.624555 0.492823 0.654924 0.367558 0.439433 
5 0.368452 1.353836 1.353836 1.353836 
0 -225.867621 4.654142 115.010242 0.431526 0.605054 0.544234 0.389235 
