5 0.779120 1.466178 1.466178 1.466178 
0 87.184201 -16.629375 -191.377623 0.511292 0.227595 -0.307285 -0.769647 
5 0.532994 1.454995 1.454995 1.454995 
0 -125.989366 10.147398 -147.366858 0.627750 0.337808 0.262957 0.650130 
5 0.364151 1.456647 1.456647 1.456647 
0 4.819309 22.016452 -200.800978 0.693784 0.007206 -0.005558 -0.720126 
5 0.531037 1.479021 1.479021 1.479021 
0 -81.599420 29.572540 -177.650139 0.653371 -0.061120 0.075643 -0.750765 
5 0.463879 1.443114 1.443114 1.443114 
0 -144.038113 44.075096 -160.669704 0.623759 0.347738 0.118937 0.689824 
5 0.390744 1.520052 1.520052 1.520052 
0 -174.426107 7.443415 -20.170239 0.573728 0.416675 0.273907 0.649764 
5 0.697252 1.423450 1.423450 1.423450 
0 134.262696 14.237855 -179.092252 0.649242 0.278671 -0.299070 -0.641393 
5 0.492251 1.487553 1.487553 1.487553 
0 81.992033 -31.704993 -181.823832 0.818535 -0.074995 -0.041865 0.568000 
5 0.380599 1.429500 1.429500 1.429500 
0 -139.468032 5.636790 -140.913957 0.706252 0.249706 0.227418 0.622203 
5 0.909730 1.389206 1.389206 1.389206 
0 -173.954711 -3.600736 -35.502103 0.572945 -0.481199 0.559183 -0.357065 
5 0.311693 1.407719 1.407719 1.407719 
0 -36.932288 6.788595 -218.675548 0.751612 -0.080697 0.032269 -0.653855 
5 0.157689 1.395707 1.395707 1.395707 
0 -93.411494 15.184467 -199.231328 0.723479 0.247067 0.163810 0.623460 
5 0.513842 1.379718 1.379718 1.379718 
0 171.264297 -27.118721 -120.737626 0.591372 0.248709 -0.433445 -0.632889 
5 0.844874 1.415957 1.415957 1.415957 
0 -103.552156 -33.991126 -199.958214 0.634851 0.091531 0.184156 0.744764 
5 0.545826 1.426989 1.426989 1.426989 
0 159.502722 30.559159 179.141310 0.363638 0.495892 -0.766097 -0.186962 
5 0.496772 1.397394 1.397394 1.397394 
0 171.270250 22.672769 85.055150 0.515344 0.440463 -0.654276 -0.335166 
5 0.944544 1.339413 1.339413 1.339413 
0 -189.761948 -64.865939 -53.644141 0.736469 -0.412985 0.524638 -0.108682 
5 1.526150 1.356703 1.356703 1.356703 
0 216.755111 37.473253 -65.069930 0.670260 0.004779 -0.734150 0.108410 
5 1.392186 1.325490 1.325490 1.325490 
0 -162.372434 -80.452298 -116.778126 0.812629 -0.410775 0.379364 -0.164256 
5 0.878534 1.384017 1.384017 1.384017 
0 103.122127 99.299815 -193.283525 0.781649 0.287236 -0.053996 -0.551003 
5 0.340849 1.448226 1.448226 1.448226 
0 -171.014218 34.417077 -103.259540 0.663401 0.338192 0.115690 0.657374 
5 0.602472 1.361861 1.361861 1.361861 
0 27.617069 -31.431202 -194.957943 0.904407 -0.029403 0.019596 0.425206 
5 0.116816 1.356943 1.356943 1.356943 
0 138.372161 79.327633 118.528460 0.372298 0.768959 -0.441917 -0.273506 
5 0.348131 1.314773 1.314773 1.314773 
0 137.487882 135.440046 -103.276435 0.636880 0.555721 -0.082879 -0.527910 
5 0.151713 1.397918 1.397918 1.397918 
0 -124.941124 12.573077 -200.785038 0.719629 0.225290 0.161649 0.636591 
5 0.824129 1.358831 1.358831 1.358831 
0 193.748898 33.156208 -71.139280 0.633461 0.374000 -0.410960 -0.538482 
5 0.156641 1.395358 1.395358 1.395358 
0 158.449343 66.962792 -77.300769 0.671784 0.387419 -0.260978 -0.574895 
5 1.121117 1.318077 1.318077 1.318077 
0 -80.658399 -98.126053 -215.631510 0.953127 -0.292548 0.070713 -0.031037 
5 0.453246 1.351062 1.351062 1.351062 
0 140.810909 -20.434970 -206.513580 0.656453 0.130068 -0.292574 -0.683046 
5 0.663465 1.351070 1.351070 1.351070 
0 137.622359 -17.892660 -175.957633 0.656470 0.119030 -0.267955 -0.695039 
5 0.575619 1.367434 1.367434 1.367434 
0 -153.499366 12.548600 -188.743721 0.715676 -0.270436 0.292044 -0.573919 
5 1.547795 1.393808 1.393808 1.393808 
0 -220.776986 52.047484 -18.347293 0.870455 0.147637 0.466008 -0.057860 
5 0.109902 1.460897 1.460897 1.460897 
0 173.521240 31.053973 -34.371089 0.695842 0.299976 -0.328037 -0.564101 
5 0.645904 1.295050 1.295050 1.295050 
0 -93.737627 -95.827686 -175.895619 0.726771 -0.423253 -0.008946 -0.540908 
5 0.499238 1.410056 1.410056 1.410056 
0 -181.313451 8.429531 -132.574248 0.639935 0.303684 0.180393 0.682434 
5 0.723199 1.320232 1.320232 1.320232 
0 12.240293 -96.696764 -227.071431 0.444638 -0.109838 -0.307885 -0.833930 
5 1.485221 1.294879 1.294879 1.294879 
0 162.751247 41.702704 -134.033077 0.807881 0.078201 -0.575266 0.101406 
5 0.544191 1.461448 1.461448 1.461448 
0 -22.888374 -28.185119 -201.524074 0.689736 -0.012654 0.053915 0.721939 
5 0.585695 1.524833 1.524833 1.524833 
0 -168.169383 -18.225802 -33.301512 0.596379 0.356610 0.353622 0.626190 
5 0.443789 1.463569 1.463569 1.463569 
0 13.500647 -17.519548 -187.870241 0.700947 -0.024070 0.012913 0.712690 
5 0.433992 1.457037 1.457037 1.457037 
0 -161.793300 -22.713572 -141.766663 0.513860 0.262029 0.216010 0.787800 
5 0.565879 1.493165 1.493165 1.493165 
0 -169.326716 -0.796712 -105.734182 0.571261 0.297789 0.177370 0.743991 
5 0.896276 1.384899 1.384899 1.384899 
0 169.158659 -40.520653 29.185547 0.457655 -0.596258 -0.571461 0.329332 
5 0.937072 1.387153 1.387153 1.387153 
0 175.984878 10.852506 -69.782936 0.431300 -0.493841 -0.446599 0.608811 
5 0.680126 1.414430 1.414430 1.414430 
0 179.771632 -54.555332 67.217011 0.350857 -0.741351 -0.503877 0.270936 
5 0.672999 1.429002 1.429002 1.429002 
0 176.350071 -52.829013 97.865049 0.331429 -0.744570 -0.506413 0.281631 
5 1.499556 1.457886 1.457886 1.457886 
0 -189.697639 4.436315 -85.992141 0.947741 0.000423 0.319039 0.001289 
5 0.389137 1.363669 1.363669 1.363669 
0 -175.197896 81.099915 -48.161689 0.614895 0.570083 0.217105 0.499775 
5 0.391389 1.388766 1.388766 1.388766 
0 -185.778307 80.898020 -88.740159 0.607146 0.575314 0.216427 0.503534 
5 1.385575 1.367865 1.367865 1.367865 
0 -209.442614 -1.295823 68.150270 0.700461 0.205840 0.670818 0.130334 
5 0.508397 1.452171 1.452171 1.452171 
0 -189.037342 -6.290746 -46.006994 0.515014 0.327079 0.194632 0.768048 
5 0.214385 1.495152 1.495152 1.495152 
0 -181.895519 16.474414 150.502868 0.309831 0.623469 0.695699 0.176901 
5 0.786795 1.450337 1.450337 1.450337 
0 -154.577379 -37.850090 -38.075497 0.572677 0.253249 0.267267 0.732444 
5 0.045312 1.358938 1.358938 1.358938 
0 -165.930217 51.142329 -26.988859 0.585083 0.560891 0.288698 0.509639 
5 1.536278 1.339910 1.339910 1.339910 
0 30.703038 -44.558981 259.738286 0.133736 -0.936447 0.212940 0.244619 
5 0.115702 1.321862 1.321862 1.321862 
0 -181.191558 -73.114115 -48.509833 0.587891 0.168594 0.673998 0.414352 
5 1.007735 1.329062 1.329062 1.329062 
0 146.989195 -79.811836 198.200730 0.159801 -0.857873 0.261020 0.412778 
5 1.170872 1.310594 1.310594 1.310594 
0 218.088795 -13.476266 -83.798380 0.735230 -0.098576 -0.668347 0.055054 
5 1.478330 1.326603 1.326603 1.326603 
0 -217.252089 23.622662 81.865510 0.178091 -0.823930 0.271317 -0.464554 
5 1.486161 1.300022 1.300022 1.300022 
0 -166.837539 -2.723072 -105.103712 0.891941 -0.108761 0.430919 -0.083196 
5 0.232597 1.324354 1.324354 1.324354 
0 -173.513569 13.328761 -60.171474 0.534467 0.530622 0.484141 0.445413 
5 0.953444 1.309147 1.309147 1.309147 
0 -164.585540 -44.669217 -136.146200 0.774109 -0.382182 0.350926 -0.362688 
5 0.746698 1.673243 1.673243 1.673243 
0 11.762962 -17.097293 216.730363 0.123817 0.739758 0.646733 0.138432 
5 0.564045 1.418644 1.418644 1.418644 
0 -193.131232 39.938259 -78.868447 0.551853 0.531711 0.293772 0.571349 
5 0.537967 1.500181 1.500181 1.500181 
0 -20.331766 -25.157414 233.818953 0.141026 -0.755781 0.639142 0.020099 
5 0.641526 1.406265 1.406265 1.406265 
0 -176.155215 -15.241076 -4.277585 0.414418 0.562092 0.545682 0.463185 
5 1.153842 1.405156 1.405156 1.405156 
0 -177.149755 -43.808285 62.938955 0.760137 -0.027552 0.633396 0.142276 
5 0.655370 1.413413 1.413413 1.413413 
0 -145.969621 9.495382 -171.127071 0.528779 0.278920 0.122570 0.792195 
5 0.469655 1.439725 1.439725 1.439725 
0 -181.136843 -27.971954 -28.590113 0.552732 0.354311 0.374267 0.654886 
5 0.358327 1.438023 1.438023 1.438023 
0 -171.845822 35.674286 53.179845 0.630985 0.499884 0.414469 0.424487 
5 0.449533 1.404918 1.404918 1.404918 
0 -185.686215 -11.557970 50.496204 0.447113 0.552313 0.536510 0.455190 
5 0.456303 1.465291 1.465291 1.465291 
0 -178.706576 30.692248 128.728888 0.393358 0.700937 0.378849 0.458726 
5 0.200720 1.486474 1.486474 1.486474 
0 -88.334507 34.081764 205.203316 0.265392 0.648283 0.710027 0.071819 
5 1.426415 1.368859 1.368859 1.368859 
0 -183.903678 60.592821 111.270559 0.662858 0.021715 0.731993 -0.155995 
5 0.139660 1.417294 1.417294 1.417294 
0 -88.113655 -56.583315 210.172614 0.194321 -0.537906 0.810512 0.126358 
5 0.673505 1.423223 1.423223 1.423223 
0 -121.547627 3.976689 222.354625 0.234690 0.705508 0.636205 0.205965 
5 0.083325 1.360637 1.360637 1.360637 
0 162.814902 52.861795 -152.628713 0.725639 -0.070597 -0.416825 0.542882 
5 0.137433 1.357180 1.357180 1.357180 
0 -22.168614 52.658009 209.387342 0.127006 0.561961 0.803406 -0.150359 
5 1.498182 1.362434 1.362434 1.362434 
0 -107.869234 -28.747570 217.725860 0.375808 -0.228788 0.895648 0.065112 
5 0.423646 1.425662 1.425662 1.425662 
0 29.617724 64.147920 224.705100 0.172971 0.776418 0.592423 -0.127637 
5 0.290500 1.407125 1.407125 1.407125 
0 -61.672682 -3.665952 230.578596 0.159859 0.698127 0.691059 0.097469 
5 0.393300 1.391908 1.391908 1.391908 
0 -158.635897 -46.758502 163.616618 0.256333 0.550818 0.736215 0.298127 
5 1.475445 1.371801 1.371801 1.371801 
0 -137.702795 52.151092 224.213358 0.422113 0.158886 0.888388 -0.085694 
5 0.807993 1.506410 1.506410 1.506410 
0 -195.339055 -27.405384 27.426443 0.412282 0.505483 0.358708 0.667712 
5 1.053473 1.545740 1.545740 1.545740 
0 196.249676 -9.585180 41.458644 0.676036 0.192545 -0.586723 -0.402066 
5 0.842508 1.518080 1.518080 1.518080 
0 -195.337446 -29.436565 93.692718 0.311823 0.617768 0.380712 0.613342 
5 1.375812 1.438348 1.438348 1.438348 
0 29.950786 7.945031 240.708273 0.150023 0.008062 0.988342 -0.024669 
5 0.461859 1.460442 1.460442 1.460442 
0 168.801477 77.302111 106.662394 0.502393 0.655668 -0.464413 -0.319408 
5 0.365328 1.466264 1.466264 1.466264 
0 80.230185 84.054959 171.124556 0.410393 0.623190 -0.661583 -0.074295 
5 0.413823 1.467074 1.467074 1.467074 
0 -180.863898 -20.919130 -9.269652 0.420007 0.482043 0.348665 0.685318 
5 0.721519 1.475516 1.475516 1.475516 
0 -174.532238 -25.450712 49.350633 0.408814 0.523713 0.341038 0.665048 
5 0.442497 1.391364 1.391364 1.391364 
0 -155.924022 -56.635392 -71.645474 0.576247 0.275500 0.589663 0.494304 
5 0.586282 1.375025 1.375025 1.375025 
0 160.555446 72.636175 65.054594 0.405866 0.706492 -0.502104 -0.289887 
5 0.365327 1.466259 1.466259 1.466259 
0 44.341553 83.873691 182.374740 0.410391 0.623089 -0.661679 -0.074289 
5 1.176254 1.370991 1.370991 1.370991 
0 143.612035 -17.576936 162.891633 0.050477 -0.818582 0.030768 0.571340 
5 0.714762 1.403108 1.403108 1.403108 
0 -46.898244 -75.733141 194.247597 0.000918 -0.699915 -0.648835 -0.298549 
5 0.328584 1.377006 1.377006 1.377006 
0 -198.634729 43.787927 -51.274568 0.651485 0.467917 0.481750 0.352898 
5 0.505634 1.354423 1.354423 1.354423 
0 178.903677 73.246295 -69.059761 0.456518 0.605568 -0.239919 -0.606067 
5 1.504957 1.361505 1.361505 1.361505 
0 82.641717 82.525395 230.283875 0.000687 0.129046 0.954652 -0.268304 
5 1.362725 1.384798 1.384798 1.384798 
0 -201.588014 6.125393 129.216801 0.621599 0.143340 0.768148 0.054935 
5 1.003563 1.399470 1.399470 1.399470 
0 153.496683 -49.828414 196.609407 0.058751 -0.839351 0.333488 0.425235 
5 0.736334 1.404267 1.404267 1.404267 
0 -142.596086 -82.226968 161.520260 0.155388 0.589569 0.665714 0.430218 
5 1.172553 1.369102 1.369102 1.369102 
0 207.379474 -23.651884 113.583568 0.033444 -0.731568 0.049541 0.679143 
5 0.349730 1.395797 1.395797 1.395797 
0 169.672571 21.109655 73.827357 0.432451 -0.464381 -0.574055 0.517491 
5 0.555851 1.458462 1.458462 1.458462 
0 189.336268 22.556418 99.006437 0.441127 -0.434601 -0.558117 0.552300 
5 1.454463 1.346300 1.346300 1.346300 
0 -144.245195 16.133165 182.232944 0.096297 0.963725 0.125671 0.214866 
5 0.170731 1.339123 1.339123 1.339123 
0 182.639663 -79.472268 -65.504294 0.447152 0.250855 -0.564884 -0.646555 
5 0.658369 1.450276 1.450276 1.450276 
0 -152.165140 -3.489806 206.584693 0.277836 0.718059 0.579724 0.266683 
5 1.567815 1.352670 1.352670 1.352670 
0 183.506878 -73.778597 42.088839 0.231834 -0.674675 0.024480 0.700334 
5 0.438456 1.374237 1.374237 1.374237 
0 83.910684 -64.704590 196.027680 0.192602 -0.889883 -0.402732 0.093918 
5 0.387620 1.464096 1.464096 1.464096 
0 -174.684048 -19.771214 139.637916 0.417205 -0.571146 0.664202 -0.242010 
5 0.502484 1.419040 1.419040 1.419040 
0 -160.645498 -70.745169 115.117482 0.255697 0.558265 0.598689 0.514326 
5 0.145533 1.391734 1.391734 1.391734 
0 182.737868 36.939748 -39.625480 0.601309 -0.239361 -0.447084 0.617454 
5 0.681961 1.335198 1.335198 1.335198 
0 -181.895727 54.674586 -97.881768 0.675337 0.493987 0.368961 0.404679 
5 1.302119 1.416744 1.416744 1.416744 
0 80.272871 16.987622 245.528196 0.022422 -0.058189 0.997816 -0.021787 
5 0.304670 1.471195 1.471195 1.471195 
0 98.474785 65.161121 197.403685 0.335528 0.688855 -0.628398 -0.134222 
5 0.612417 1.511580 1.511580 1.511580 
0 -168.157408 -6.264850 136.880975 0.420452 -0.638439 0.527328 -0.370865 
5 0.407053 1.513797 1.513797 1.513797 
0 169.305567 28.875719 77.456616 0.420247 -0.453880 -0.621295 0.481017 
5 0.547922 1.558127 1.558127 1.558127 
0 184.867153 -8.009035 -10.465723 0.659717 -0.307436 -0.347905 0.590947 
5 0.631912 1.529328 1.529328 1.529328 
0 167.852972 16.970869 144.573851 0.414589 -0.481862 -0.629932 0.446218 
5 0.504111 1.472072 1.472072 1.472072 
0 -165.874957 -42.195075 -21.840961 0.535467 0.328080 0.363003 0.688381 
5 0.680966 1.408849 1.408849 1.408849 
0 -45.168406 -76.565658 -192.998541 0.705352 -0.001456 0.310492 0.637237 
5 0.355685 1.466140 1.466140 1.466140 
0 -102.518698 -2.719046 -171.672610 0.702063 0.135412 0.110903 0.690269 
5 0.303828 1.447659 1.447659 1.447659 
0 -190.612962 -3.545685 104.359065 0.387043 -0.627710 0.614701 -0.279857 
5 0.339173 1.393041 1.393041 1.393041 
0 170.901089 -20.693571 -77.141782 0.655030 -0.372737 -0.475841 0.453407 
5 0.277379 1.423720 1.423720 1.423720 
0 -21.366227 29.471289 215.954412 0.055994 0.521024 0.845362 -0.103739 
5 0.408859 1.451737 1.451737 1.451737 
0 180.103399 -43.410896 -54.639813 0.681863 -0.399549 -0.377567 0.482562 
5 0.682096 1.469866 1.469866 1.469866 
0 -192.065207 -21.460344 -13.541519 0.465509 0.396806 0.297548 0.733015 
5 0.452699 1.448469 1.448469 1.448469 
0 180.831278 -10.589690 112.807202 0.419349 -0.549203 -0.570411 0.444020 
5 0.548234 1.470459 1.470459 1.470459 
0 -190.883976 -21.937612 -93.976407 0.462519 0.386333 0.289833 0.743519 
5 0.900586 1.353255 1.353255 1.353255 
0 -169.600636 36.027355 -48.471477 0.706570 -0.169181 0.649508 -0.224222 
5 0.290828 1.363926 1.363926 1.363926 
0 -179.554594 -70.718596 -80.820215 0.622690 0.169182 0.610299 0.459533 
5 0.413609 1.419270 1.419270 1.419270 
0 -174.751710 -4.784597 83.321812 0.342963 -0.675590 0.599514 -0.257949 
5 0.291029 1.435657 1.435657 1.435657 
0 50.629023 20.813571 227.985279 0.108111 0.641666 -0.752599 -0.100857 
5 0.284074 1.384267 1.384267 1.384267 
0 18.128714 5.567379 -182.705438 0.697244 0.043262 -0.032458 0.714791 
5 0.563637 1.434553 1.434553 1.434553 
0 -90.595309 1.135289 215.873146 0.173314 -0.789940 0.551203 -0.205263 
5 0.752797 1.458386 1.458386 1.458386 
0 173.084991 -10.813715 180.981275 0.113905 0.760816 -0.545235 -0.333021 
5 0.381378 1.406368 1.406368 1.406368 
0 33.476463 67.805663 220.932475 0.237744 0.833304 0.490490 -0.092202 
5 0.078586 1.335988 1.335988 1.335988 
0 -183.214012 67.359427 17.467969 0.560822 0.596212 0.516874 0.250701 
5 0.542255 1.412524 1.412524 1.412524 
0 -127.999903 7.215839 206.938325 0.226535 -0.442055 0.864256 -0.079567 
5 0.399099 1.429362 1.429362 1.429362 
0 -144.029035 -1.898074 -163.773094 0.692019 0.187210 0.143546 0.682244 
5 0.515569 1.516523 1.516523 1.516523 
0 -158.717692 -16.532802 159.347684 0.354061 -0.624071 0.668866 -0.194408 
5 0.715668 1.573914 1.573914 1.573914 
0 -188.984996 -14.140538 43.352651 0.550481 -0.497355 0.320816 -0.588800 
5 0.571254 1.538214 1.538214 1.538214 
0 -165.707012 48.412040 42.506657 0.366406 -0.465120 0.342871 -0.729280 
5 0.398552 1.455112 1.455112 1.455112 
0 -170.479625 -30.668343 90.436764 0.288518 0.648068 0.450216 0.542283 
5 0.430433 1.588612 1.588612 1.588612 
0 -193.285860 6.687860 -13.876921 0.527212 -0.376069 0.229272 -0.726673 
5 0.236347 1.447137 1.447137 1.447137 
0 -170.362921 50.952124 -47.532268 0.520088 -0.346008 0.400831 -0.670165 
5 0.461553 1.463936 1.463936 1.463936 
0 -171.660600 25.598212 155.337087 0.292442 -0.698505 0.479009 -0.443980 
5 0.186371 1.417355 1.417355 1.417355 
0 31.563392 56.030654 -218.067478 0.821369 0.105157 0.011565 -0.560501 
5 0.575010 1.435980 1.435980 1.435980 
0 -182.452836 -33.578871 0.180293 0.598957 -0.490228 0.251944 -0.580906 
5 0.238480 1.439354 1.439354 1.439354 
0 -156.863317 37.868442 -161.845890 0.594919 0.460072 0.274122 0.599385 
5 0.598798 1.353979 1.353979 1.353979 
0 86.322087 -13.930341 -193.456390 0.737129 0.096491 -0.271328 -0.611320 
5 0.133026 1.378512 1.378512 1.378512 
0 183.055048 73.153519 -103.812625 0.637506 0.461375 -0.345827 -0.511003 
5 0.564622 1.340873 1.340873 1.340873 
0 -150.829558 118.064907 -33.119205 0.461249 -0.168759 0.735309 -0.467002 
5 0.001312 1.310790 1.310790 1.310790 
0 -171.774118 -24.586073 -139.084846 0.822298 -0.257132 0.379374 -0.337319 
5 0.153956 1.339617 1.339617 1.339617 
0 95.771397 -24.335422 -195.957120 0.771200 -0.207436 -0.209749 0.564115 
5 0.257117 1.341022 1.341022 1.341022 
0 -179.057077 -42.970389 -24.166955 0.403220 0.491122 0.455402 0.623556 
5 0.353977 1.374364 1.374364 1.374364 
0 179.113996 -62.460671 -88.288645 0.567277 0.152225 -0.471891 -0.657528 
5 0.277769 1.375071 1.375071 1.375071 
0 100.040682 -5.029785 -214.784100 0.804818 -0.003668 -0.164085 -0.570378 
5 0.107255 1.406591 1.406591 1.406591 
0 -195.064629 30.753813 63.921398 0.354028 0.734721 0.467500 0.341017 
5 0.169400 1.394981 1.394981 1.394981 
0 -193.604217 31.940827 13.283777 0.437649 0.641839 0.559148 0.289584 
5 0.279991 1.375821 1.375821 1.375821 
0 194.873025 39.237931 -60.300368 0.507161 0.508808 -0.349123 -0.601677 
5 1.401011 1.319476 1.319476 1.319476 
0 -206.582264 45.599413 -51.788583 0.015239 -0.751070 0.105519 -0.651558 
5 0.211352 1.326474 1.326474 1.326474 
0 189.099597 113.933007 -20.533534 0.525521 0.681051 -0.311418 -0.403752 
5 0.033696 1.381776 1.381776 1.381776 
0 -170.105990 -14.507298 -96.839711 0.490343 -0.411481 0.164755 -0.750402 
5 0.683028 1.473304 1.473304 1.473304 
0 -180.636335 -0.246879 -23.286058 0.567995 -0.455400 0.350588 -0.589135 
5 0.384997 1.446599 1.446599 1.446599 
0 -184.593142 0.049288 -71.973828 0.585605 -0.437026 0.330230 -0.597514 
5 0.495418 1.420211 1.420211 1.420211 
0 -112.296961 -21.134818 -182.494297 0.645103 -0.297068 0.102473 -0.696485 
5 0.345239 1.415910 1.415910 1.415910 
0 79.579362 -1.782648 -205.826373 0.697432 0.069243 -0.151827 -0.696952 
5 0.425016 1.507914 1.507914 1.507914 
0 -177.123220 -8.219676 130.454050 0.380500 0.646151 0.428707 0.503903 
5 0.350087 1.421746 1.421746 1.421746 
0 192.119778 18.684439 -47.004810 0.557386 0.439769 -0.535695 -0.457116 
5 0.227443 1.400341 1.400341 1.400341 
0 124.757985 47.219059 -167.262792 0.777831 0.235170 -0.217826 -0.540579 
5 1.091723 1.404122 1.404122 1.404122 
0 150.861414 48.801686 72.646818 0.231244 0.829140 -0.421792 -0.284858 
5 0.676667 1.398294 1.398294 1.398294 
0 155.249649 76.069425 -77.208533 0.706339 0.390764 -0.213971 -0.550096 
5 0.604513 1.428846 1.428846 1.428846 
0 -99.127400 21.004939 -173.108377 0.596216 -0.096596 0.081755 -0.792788 
5 0.148818 1.372857 1.372857 1.372857 
0 -184.893000 72.048548 63.228382 0.456795 0.698987 0.498719 0.232455 
5 0.383834 1.448400 1.448400 1.448400 
0 161.392731 36.355773 133.171694 0.376295 0.675977 -0.543662 -0.325404 
5 0.195452 1.507299 1.507299 1.507299 
0 194.874252 -37.636304 94.743226 0.262910 0.578006 -0.618320 -0.463106 
5 0.398684 1.383905 1.383905 1.383905 
0 191.637171 35.784816 -9.909095 0.558074 0.504287 -0.477684 -0.453945 
5 0.375104 1.379262 1.379262 1.379262 
0 -167.882096 -17.474940 -76.449711 0.599693 0.346209 0.503234 0.516976 
5 0.398459 1.363887 1.363887 1.363887 
0 -185.140609 71.656571 -65.317411 0.621814 0.523050 0.183861 0.553137 
5 0.329543 1.343127 1.343127 1.343127 
0 -168.525685 -56.488411 -156.203117 0.759383 -0.421302 0.270313 -0.415659 
5 0.483976 1.349712 1.349712 1.349712 
0 178.688316 -73.570919 -59.209076 0.266198 0.450451 -0.540306 -0.659015 
5 0.596539 1.414781 1.414781 1.414781 
0 -176.125662 -86.030996 -42.508959 0.486534 0.256595 0.542138 0.635241 
5 0.623783 1.388508 1.388508 1.388508 
0 -157.911517 -96.389236 123.088826 0.240294 0.426883 0.761115 0.425128 
5 0.583130 1.342520 1.342520 1.342520 
0 -3.732704 101.956932 -187.519321 0.695421 0.099788 0.263673 -0.660990 
5 0.187488 1.382829 1.382829 1.382829 
0 -177.240067 82.711207 149.823945 0.468506 0.737416 0.430566 0.226568 
5 1.000099 1.345244 1.345244 1.345244 
0 3.381356 58.680602 -230.534530 0.918316 0.053040 0.050449 -0.389022 
5 0.350772 1.321911 1.321911 1.321911 
0 119.037129 138.312128 -143.213223 0.615934 0.492772 -0.002468 -0.614651 
5 1.383666 1.307854 1.307854 1.307854 
0 76.687732 25.233436 -196.738237 0.125641 0.101442 0.005047 -0.986863 
5 1.286037 1.316898 1.316898 1.316898 
0 -90.885732 21.683087 -221.219880 0.369149 -0.223996 0.054362 -0.900333 
5 0.584981 1.394986 1.394986 1.394986 
0 -179.336030 -90.342829 65.965436 0.361391 0.387585 0.637011 0.559814 
5 0.210629 1.359164 1.359164 1.359164 
0 -189.267879 -69.205364 -30.763461 0.693936 -0.501427 0.373006 -0.357618 
5 0.047894 1.391324 1.391324 1.391324 
0 -180.939714 3.687125 22.479746 0.555822 0.451957 0.576647 0.392779 
5 0.703360 1.481485 1.481485 1.481485 
0 2.228377 -7.332199 216.974762 0.037214 0.759005 0.649984 0.006853 
5 0.615326 1.447714 1.447714 1.447714 
0 -124.820339 -89.226481 182.657956 0.094173 0.572996 0.729052 0.362340 
5 0.388308 1.421476 1.421476 1.421476 
0 77.194567 18.481547 -184.322354 0.676679 0.141326 -0.124440 -0.711792 
5 0.714278 1.484865 1.484865 1.484865 
0 -94.478568 -7.389432 215.491106 0.152211 -0.456252 0.876184 0.031118 
5 0.306842 1.456913 1.456913 1.456913 
0 -23.072149 18.349810 216.533582 0.089425 -0.761274 0.636145 -0.088232 
5 0.708237 1.389793 1.389793 1.389793 
0 -105.698669 31.356255 -169.012564 0.718921 0.302062 0.148778 0.608093 
5 1.347426 1.383995 1.383995 1.383995 
0 -204.872563 40.147283 119.368763 0.651010 0.161504 0.740942 -0.033267 
5 0.107516 1.368387 1.368387 1.368387 
0 -142.561599 92.639848 -93.688987 0.443721 -0.267245 0.454480 -0.724665 
5 0.288528 1.384334 1.384334 1.384334 
0 -162.550586 -62.647175 30.691895 0.337575 0.474529 0.607934 0.539705 
5 0.160561 1.394230 1.394230 1.394230 
0 -187.578532 23.088870 -34.611105 0.566633 0.528241 0.421613 0.471308 
5 0.141407 1.455312 1.455312 1.455312 
0 -19.338417 -9.448334 -196.234957 0.670242 -0.009439 -0.110178 -0.733858 
5 0.516258 1.395491 1.395491 1.395491 
0 -165.159429 60.544126 47.537421 0.339147 -0.509285 0.590690 -0.526017 
5 0.295386 1.463061 1.463061 1.463061 
0 -201.542666 -20.617246 1.192978 0.588945 -0.493550 0.383933 -0.512003 
5 0.302449 1.413302 1.413302 1.413302 
0 -175.246267 35.325071 -130.675739 0.549805 0.397393 0.088314 0.729379 
5 0.741385 1.372139 1.372139 1.372139 
0 -118.503540 -61.204453 -181.590388 0.632094 0.087078 0.280774 0.716966 
5 1.536134 1.367177 1.367177 1.367177 
0 -198.395824 97.352627 50.580775 0.758127 0.146928 0.597858 -0.214991 
5 0.170517 1.381409 1.381409 1.381409 
0 -178.926085 32.385151 -128.523182 0.561166 -0.322646 0.285627 -0.706689 
5 0.507277 1.408434 1.408434 1.408434 
0 -188.598046 -39.445665 57.080632 0.398041 0.524495 0.441093 0.609841 
5 0.691379 1.406519 1.406519 1.406519 
0 -35.781191 23.141085 232.941556 0.068554 0.564531 0.819714 -0.068365 
5 0.523447 1.353579 1.353579 1.353579 
0 186.586222 45.762579 -111.881313 0.578311 0.452987 -0.346921 -0.583099 
5 0.247325 1.364820 1.364820 1.364820 
0 -123.614142 -0.011319 -195.606396 0.712856 0.213509 0.205567 0.635604 
5 1.039861 1.312327 1.312327 1.312327 
0 -119.392478 6.667781 -178.441702 0.982217 0.036148 0.172851 0.063768 
5 0.155522 1.369945 1.369945 1.369945 
0 -87.907005 111.924533 -163.216670 0.733339 0.034769 0.420467 -0.533116 
5 0.229811 1.364251 1.364251 1.364251 
0 -160.881857 -52.313204 13.388879 0.336943 0.508935 0.683971 0.399548 
5 0.235766 1.383755 1.383755 1.383755 
0 181.465109 3.021600 -61.329073 0.552858 -0.380214 -0.387317 0.632274 
5 0.174527 1.425121 1.425121 1.425121 
0 -180.768134 30.603543 -96.347560 0.524721 -0.332452 0.306294 -0.721337 
5 0.498384 1.394038 1.394038 1.394038 
0 182.280648 -19.021422 -151.290324 0.623445 0.236119 -0.422976 -0.613723 
