5 0.552533 1.562283 1.562283 1.562283 
0 -156.759924 -2.898843 -4.214998 0.728293 -0.089171 0.678021 0.043879 
5 0.395655 1.461054 1.461054 1.461054 
0 -133.720048 89.716582 -3.529463 0.750679 0.193938 0.624656 -0.093136 
5 0.242140 1.648195 1.648195 1.648195 
0 147.727440 -5.665982 -31.483165 0.741058 -0.145166 -0.653194 -0.055658 
5 0.933317 1.383090 1.383090 1.383090 
0 160.986063 1.170447 -47.443916 0.738405 0.257765 -0.572621 -0.245806 
5 0.446021 1.370766 1.370766 1.370766 
0 112.061555 -126.593165 -74.845930 0.741782 -0.060208 -0.535553 -0.399146 
5 0.527274 1.371323 1.371323 1.371323 
0 121.866919 -136.715332 -27.975277 0.723273 -0.298500 -0.596906 -0.177418 
5 0.341915 1.462235 1.462235 1.462235 
0 -171.166267 76.848037 -8.889280 0.736520 0.173405 0.646870 -0.095016 
5 0.655327 1.393977 1.393977 1.393977 
0 -136.559521 69.816872 26.782597 0.658925 0.160843 0.705975 -0.203831 
5 1.452077 1.356674 1.356674 1.356674 
0 121.858517 64.973297 -78.492635 0.275002 0.456134 0.144079 -0.834001 
5 0.740289 1.456454 1.456454 1.456454 
0 -145.167335 -77.580009 38.249280 0.655570 -0.319673 0.679459 -0.079826 
5 0.348280 1.427570 1.427570 1.427570 
0 135.165510 -0.154358 -80.919127 0.842443 -0.041429 -0.537035 0.012935 
5 1.425493 1.376301 1.376301 1.376301 
0 170.815605 -10.682608 25.866926 0.412621 -0.496920 -0.596634 0.476280 
5 1.210320 1.356475 1.356475 1.356475 
0 180.953228 18.663025 14.115833 0.402915 -0.399454 -0.623098 0.538372 
5 0.218648 1.553416 1.553416 1.553416 
0 -137.927386 123.558377 0.166086 0.736244 0.248611 0.625961 -0.065647 
5 0.156742 1.343999 1.343999 1.343999 
0 -87.707454 -151.594140 43.609794 0.177568 -0.750967 -0.353562 -0.528689 
5 0.331811 1.356783 1.356783 1.356783 
0 176.159169 -26.739416 -42.537200 0.755380 0.144717 -0.619980 -0.155186 
5 0.074639 1.418397 1.418397 1.418397 
0 -94.403401 -148.442477 -10.982554 0.199419 -0.519184 -0.500899 -0.663160 
5 0.229098 1.334782 1.334782 1.334782 
0 180.240193 6.849689 -35.937418 0.745299 0.044832 -0.647527 0.152409 
5 0.195327 1.485086 1.485086 1.485086 
0 140.697629 99.884330 -48.511604 0.102727 0.536662 0.166107 -0.820884 
5 0.152517 1.418433 1.418433 1.418433 
0 -38.159567 -17.360877 -156.013499 0.349327 0.127279 -0.094309 0.923513 
5 0.212806 1.466776 1.466776 1.466776 
0 -160.191213 74.989916 11.057062 0.707648 0.093258 0.693367 -0.098892 
5 0.533644 1.376146 1.376146 1.376146 
0 98.676907 -9.462888 -128.088356 0.937185 -0.138113 -0.319736 0.019455 
5 0.199007 1.423090 1.423090 1.423090 
0 120.385379 85.478106 -95.742336 0.855815 0.169112 -0.456873 0.173924 
5 0.157826 1.327330 1.327330 1.327330 
0 -160.830146 83.118493 16.204501 0.667538 0.292153 0.642598 -0.236871 
5 1.234661 1.331979 1.331979 1.331979 
0 -128.839298 125.927022 -79.920444 0.860865 0.405565 0.284068 0.117192 
5 0.334710 1.348175 1.348175 1.348175 
0 121.609398 -105.824928 -48.492254 0.770905 -0.161772 -0.587292 -0.186076 
5 0.518016 1.329373 1.329373 1.329373 
0 182.486071 -67.360064 -47.533339 0.764196 -0.217258 -0.569798 0.210082 
5 0.773072 1.331368 1.331368 1.331368 
0 -143.234774 -143.687259 63.841178 0.453704 -0.801100 0.089656 -0.379939 
5 1.019617 1.339580 1.339580 1.339580 
0 136.745988 44.728724 -53.051302 0.366772 0.534660 -0.005453 -0.761306 
5 0.296506 1.478768 1.478768 1.478768 
0 134.564587 17.934889 -101.196382 0.877367 0.013693 -0.479460 -0.012561 
5 0.387417 1.311766 1.311766 1.311766 
0 33.861923 17.824321 -155.525969 0.965833 0.147574 -0.147664 -0.153572 
5 0.115672 1.470266 1.470266 1.470266 
0 -162.158546 -74.711298 -28.885307 0.747410 -0.162806 0.605091 0.220766 
5 0.669605 1.335149 1.335149 1.335149 
0 -60.057788 -177.284534 -92.068177 0.579752 -0.473679 -0.190829 -0.634902 
5 0.002799 1.424539 1.424539 1.424539 
0 101.206537 108.713331 -74.746471 0.767268 0.171560 -0.512984 0.344550 
5 1.082816 1.349748 1.349748 1.349748 
0 -166.108140 -54.597008 25.603441 0.652226 -0.363326 0.622445 -0.234857 
5 1.268450 1.329701 1.329701 1.329701 
0 -142.426565 134.761021 -81.225749 0.867740 0.400611 0.270805 0.114900 
5 0.102050 1.300542 1.300542 1.300542 
0 14.235960 -174.027429 -97.331043 0.312964 -0.143678 0.353701 0.869658 
5 0.162887 1.387579 1.387579 1.387579 
0 -66.487831 185.855878 -44.212304 0.707540 0.355136 0.476784 -0.382025 
5 1.181856 1.314783 1.314783 1.314783 
0 -134.160672 -17.969437 129.306257 0.399043 -0.312672 0.854943 -0.109879 
5 0.661473 1.322324 1.322324 1.322324 
0 -133.223555 -159.329730 -63.099351 0.246908 0.306600 0.479978 0.783999 
5 0.021546 1.304144 1.304144 1.304144 
0 -142.983671 -126.198130 -73.920678 0.815207 -0.083821 0.495998 0.287048 
5 0.601659 1.450314 1.450314 1.450314 
0 -104.922336 147.160558 -20.678182 0.673737 0.231201 0.600703 -0.363015 
5 0.441302 1.470121 1.470121 1.470121 
0 -71.097979 170.897226 -53.506945 0.620345 0.206470 0.535847 -0.534238 
5 0.549918 1.659665 1.659665 1.659665 
0 -153.887409 -26.406122 -13.723888 0.743498 -0.289910 0.594636 0.097830 
5 0.310152 1.501631 1.501631 1.501631 
0 134.875159 15.023173 -55.762271 0.795257 -0.003675 -0.606244 0.004472 
5 1.268385 1.406714 1.406714 1.406714 
0 108.490196 148.104874 26.242461 0.572299 0.672925 -0.372788 -0.284033 
5 0.313458 1.437614 1.437614 1.437614 
0 -10.647895 160.031131 62.903250 0.466116 0.522274 0.594623 -0.395461 
5 0.963151 1.565324 1.565324 1.565324 
0 -131.247086 108.715663 53.246636 0.622639 0.219227 0.747111 -0.078016 
5 0.322021 1.416232 1.416232 1.416232 
0 136.274223 122.825252 -15.526782 0.201499 0.577546 0.308425 -0.728501 
5 0.323684 1.439125 1.439125 1.439125 
0 107.575781 143.589394 -16.849169 0.342164 0.580244 0.295067 -0.677626 
5 0.593516 1.420682 1.420682 1.420682 
0 -160.718891 31.318807 -30.553826 0.146232 0.680976 0.027845 0.717017 
5 0.281393 1.434887 1.434887 1.434887 
0 -14.486939 184.753888 9.887384 0.571884 0.712866 -0.271858 0.301435 
5 0.298214 1.371332 1.371332 1.371332 
0 -138.599258 -121.517876 -3.811999 0.136557 -0.676963 -0.242920 -0.681222 
5 0.309936 1.501652 1.501652 1.501652 
0 152.531305 11.084873 -55.699447 0.795261 -0.003773 -0.606239 0.004500 
5 0.485692 1.416134 1.416134 1.416134 
0 -44.846523 161.634204 5.177548 0.591562 0.459202 0.504477 -0.429756 
5 0.534490 1.371329 1.371329 1.371329 
0 -138.164474 -119.576862 -38.751522 0.136561 -0.596886 -0.214184 -0.761054 
5 0.273044 1.410442 1.410442 1.410442 
0 -159.008443 -26.251719 -25.666654 0.779865 0.012527 0.601315 0.173418 
5 0.499028 1.408899 1.408899 1.408899 
0 29.216006 178.031011 63.895811 0.351789 0.516429 0.609792 -0.487544 
5 0.441154 1.473472 1.473472 1.473472 
0 -146.204670 44.635390 -50.732392 0.829150 0.112197 0.546581 -0.034222 
5 1.222413 1.492437 1.492437 1.492437 
0 -98.501629 166.982744 -13.928785 0.518426 0.075172 0.664177 -0.533341 
5 0.465502 1.397974 1.397974 1.397974 
0 78.668758 157.727103 67.963107 0.423598 0.714919 0.362383 -0.422060 
5 0.226163 1.428407 1.428407 1.428407 
0 -156.004946 59.152593 -51.310882 0.829155 0.113205 0.543444 0.065997 
5 0.218830 1.425679 1.425679 1.425679 
0 -143.453664 16.846499 -29.459540 0.004471 0.685194 0.040280 0.727232 
5 1.323596 1.448291 1.448291 1.448291 
0 -148.928607 135.562276 21.081365 0.425549 -0.295990 0.667948 -0.533988 
5 0.876745 1.403566 1.403566 1.403566 
0 14.013621 186.525509 -13.761993 0.430863 0.324259 0.525703 -0.657913 
5 0.233570 1.409951 1.409951 1.409951 
0 -21.035804 165.005513 -100.406714 0.585953 0.375060 -0.355570 0.624147 
5 1.486411 1.371615 1.371615 1.371615 
0 -157.999257 63.348373 13.442776 0.321544 -0.659273 0.422774 -0.532194 
5 1.498343 1.340145 1.340145 1.340145 
0 -180.835684 -123.256791 5.363029 0.404503 -0.745764 0.030531 -0.528470 
5 1.528087 1.356026 1.356026 1.356026 
0 -184.587305 43.896145 -52.513883 0.636931 -0.384459 0.421713 -0.518333 
5 0.513526 1.446017 1.446017 1.446017 
0 140.734985 69.725103 -13.134889 0.197917 0.663578 0.069186 -0.718127 
5 0.963179 1.567528 1.567528 1.567528 
0 -163.035532 85.676574 52.167286 0.632960 0.217159 0.742661 -0.025645 
5 1.171733 1.428149 1.428149 1.428149 
0 -193.710261 16.452578 -21.410149 0.628703 -0.485727 0.429510 -0.429327 
5 0.989138 1.323310 1.323310 1.323310 
0 -104.854937 -178.448430 0.201554 0.000086 -0.463494 -0.576226 -0.673155 
5 0.996847 1.330082 1.330082 1.330082 
0 65.143259 -69.578817 -166.188013 0.940794 -0.113209 -0.236579 -0.214757 
5 1.527381 1.345378 1.345378 1.345378 
0 158.690209 54.357081 -9.563223 0.322320 -0.312074 -0.580835 0.679228 
5 0.165249 1.478366 1.478366 1.478366 
0 -58.080550 177.037500 29.202736 0.306729 0.546389 -0.567944 0.533681 
5 0.432449 1.361405 1.361405 1.361405 
0 -113.925075 129.633196 -52.699585 0.818523 0.320639 0.459258 -0.127642 
5 1.519984 1.357244 1.357244 1.357244 
0 -81.310070 188.134184 20.083477 0.663297 0.737675 0.077232 0.099540 
5 0.369241 1.361602 1.361602 1.361602 
0 -164.964736 43.637990 -39.521202 0.800114 0.193564 0.565003 0.055885 
5 0.862380 1.334509 1.334509 1.334509 
0 -138.897679 -153.639888 -58.080837 0.502199 -0.582601 -0.101198 -0.630977 
5 1.430780 1.349163 1.349163 1.349163 
0 -100.106935 150.327581 -14.642388 0.762370 0.555180 0.318624 0.095110 
5 0.105697 1.325345 1.325345 1.325345 
0 139.706431 61.306302 25.483960 0.110578 0.660632 0.298898 -0.679704 
5 0.980088 1.475442 1.475442 1.475442 
0 -142.399600 108.677910 -30.468811 0.248052 0.658474 -0.175416 0.688558 
5 0.415252 1.492873 1.492873 1.492873 
0 151.402675 -36.751782 -10.277833 0.686528 -0.200344 -0.695048 0.073826 
5 1.124222 1.528192 1.528192 1.528192 
0 -80.665603 174.726639 -53.956895 0.285369 0.431712 -0.482658 0.706562 
5 0.332867 1.418417 1.418417 1.418417 
0 -152.021568 41.046033 -32.067852 0.782187 0.147677 0.605255 0.006348 
5 0.626224 1.366183 1.366183 1.366183 
0 -173.571290 -36.612522 10.446086 0.723762 0.040792 0.681562 0.099889 
5 0.577650 1.405556 1.405556 1.405556 
0 163.220126 -13.778435 -49.722509 0.159531 -0.535699 -0.008071 0.829163 
5 0.459811 1.490214 1.490214 1.490214 
0 -156.931654 -81.787460 -41.050633 0.762445 -0.208070 0.566216 0.234061 
5 0.487339 1.460494 1.460494 1.460494 
0 -166.344708 -4.794995 38.149290 0.523467 -0.353835 0.628023 -0.454279 
5 0.482880 1.353335 1.353335 1.353335 
0 -125.965296 -97.375311 90.420006 0.527945 -0.612244 0.565291 -0.163947 
5 0.608648 1.392789 1.392789 1.392789 
0 -151.061083 -16.866880 -93.665910 0.871311 0.002242 0.472808 0.131397 
5 0.249435 1.383184 1.383184 1.383184 
0 -128.344554 103.662071 9.822952 0.721484 0.383716 0.576270 0.011654 
5 0.649041 1.340052 1.340052 1.340052 
0 176.479601 -25.752900 15.240597 0.395405 -0.542934 -0.445868 0.591675 
5 0.386891 1.341025 1.341025 1.341025 
0 153.891559 -107.369633 -74.540928 0.821495 -0.263518 -0.505664 0.002947 
5 0.084849 1.492534 1.492534 1.492534 
0 124.195932 -92.818864 93.468507 0.340125 -0.839021 0.074965 0.418018 
5 0.608775 1.372795 1.372795 1.372795 
0 -166.083679 -4.339383 -80.630273 0.869793 0.034916 0.475185 0.128218 
5 0.653632 1.451725 1.451725 1.451725 
0 158.969832 42.199349 -36.582803 0.041864 -0.589836 -0.006775 0.806409 
5 1.200969 1.365704 1.365704 1.365704 
0 -3.984391 167.130043 -98.848114 0.092514 0.166275 -0.473766 0.859849 
5 1.333480 1.337123 1.337123 1.337123 
0 -114.683343 -170.916176 -39.697085 0.794373 -0.539263 0.262936 -0.095032 
5 0.526020 1.389725 1.389725 1.389725 
0 -173.319264 56.059027 -40.167822 0.805742 0.170142 0.564857 -0.052613 
5 0.146352 1.333509 1.333509 1.333509 
0 99.708592 -187.890024 -34.527703 0.477431 -0.506524 0.287251 0.658012 
5 0.194043 1.344081 1.344081 1.344081 
0 -19.048028 -147.860234 144.333178 0.130115 -0.548476 -0.778511 -0.275979 
5 0.431977 1.364603 1.364603 1.364603 
0 -157.591102 -2.059689 -28.200932 0.799694 -0.034332 0.599356 0.009110 
5 0.396539 1.396489 1.396489 1.396489 
0 -172.369978 -87.167581 8.070890 0.726882 -0.219801 0.648038 -0.058113 
5 0.554975 1.409878 1.409878 1.409878 
0 146.838551 -19.468575 -35.033593 0.065398 -0.586836 0.109176 0.799642 
5 0.001663 1.332743 1.332743 1.332743 
0 -138.932362 -131.764679 23.366833 0.664271 -0.346479 0.649328 0.130653 
5 0.562601 1.355577 1.355577 1.355577 
0 -97.689134 153.754000 -14.815791 0.770550 0.485503 0.412056 -0.027378 
5 0.042357 1.310158 1.310158 1.310158 
0 -159.972499 -118.697251 -63.485775 0.805873 -0.069323 0.529807 0.255084 
5 0.053929 1.380693 1.380693 1.380693 
0 -157.676296 70.165918 -51.246528 0.823946 0.200866 0.529539 -0.018858 
5 0.402834 1.476433 1.476433 1.476433 
0 144.285630 -91.782722 -74.771897 0.351671 -0.489603 0.213953 0.768661 
5 0.905346 1.356082 1.356082 1.356082 
0 188.684873 -76.755219 65.833442 0.546199 -0.237142 -0.802015 0.046921 
5 1.201259 1.296844 1.296844 1.296844 
0 31.691777 -108.841482 173.383536 0.025001 -0.393616 0.869479 0.297402 
5 0.850891 1.313887 1.313887 1.313887 
0 -153.365930 -162.751798 -38.216136 0.801125 -0.495147 0.317179 -0.111471 
5 0.338838 1.296428 1.296428 1.296428 
0 -187.122094 -47.352733 -51.554899 0.808072 0.059466 0.524194 0.262115 
5 0.513408 1.284248 1.284248 1.284248 
0 -29.650483 -64.147287 -164.598334 0.967400 -0.151444 0.047765 0.197283 
5 0.472551 1.348525 1.348525 1.348525 
0 -174.681035 -130.305841 5.758415 0.735578 -0.417245 0.527340 -0.082120 
5 0.117114 1.297192 1.297192 1.297192 
0 140.011062 -144.028691 2.754104 0.042623 0.496417 -0.440865 -0.746586 
5 0.642689 1.357433 1.357433 1.357433 
0 -170.708448 32.640202 7.985898 0.717317 0.212988 0.658978 0.076421 
5 0.447899 1.499301 1.499301 1.499301 
0 -67.857532 180.732628 -26.346660 0.658008 0.306654 0.560525 -0.398497 
5 0.672246 1.345774 1.345774 1.345774 
0 -92.795522 -185.239414 -31.547661 0.646010 -0.184152 0.551240 0.494868 
5 0.204988 1.421245 1.421245 1.421245 
0 -178.630036 9.840902 -37.543830 0.763782 -0.052749 0.604165 -0.220996 
5 1.023060 1.357628 1.357628 1.357628 
0 -161.766654 108.640994 -54.233962 0.731544 0.558361 0.227499 0.318310 
5 1.244748 1.387328 1.387328 1.387328 
0 -188.025899 -39.669765 -12.838060 0.740432 -0.213618 0.598943 -0.217701 
5 0.242063 1.372442 1.372442 1.372442 
0 -132.683968 111.624300 -44.661313 0.774537 0.178012 0.557349 -0.240346 
5 0.353933 1.560417 1.560417 1.560417 
0 -171.256381 -41.126595 8.101787 0.691931 -0.154824 0.678560 0.191879 
5 0.245226 1.372109 1.372109 1.372109 
0 -106.918411 118.703507 -46.879952 0.770358 0.194924 0.535350 -0.286275 
5 0.827508 1.358561 1.358561 1.358561 
0 -132.254211 -147.026948 61.621862 0.608137 -0.397357 0.679794 0.100779 
5 0.405862 1.361080 1.361080 1.361080 
0 -108.461223 -142.712825 -114.817625 0.708071 -0.408385 -0.032437 -0.575157 
5 0.627063 1.329679 1.329679 1.329679 
0 -167.594706 -64.188727 -115.954353 0.881454 -0.254507 0.337890 -0.209987 
5 0.227605 1.391943 1.391943 1.391943 
0 -55.883994 178.078934 55.262514 0.629173 0.587576 0.484987 -0.153893 
5 0.332451 1.321689 1.321689 1.321689 
0 -175.097472 -82.415299 -74.039972 0.348628 -0.571311 0.017690 -0.742799 
5 0.226796 1.453758 1.453758 1.453758 
0 -55.682104 171.592246 41.333708 0.577055 0.572580 0.503534 -0.292597 
5 0.527823 1.308617 1.308617 1.308617 
0 -168.130780 -27.752251 -74.658970 0.873339 -0.037930 0.478156 -0.084895 
5 0.138343 1.479356 1.479356 1.479356 
0 -86.525760 161.821349 -42.096099 0.715720 0.335720 0.490391 -0.366816 
5 0.610691 1.355349 1.355349 1.355349 
0 66.607954 50.565994 -158.498960 0.916760 0.232313 -0.157655 -0.284126 
5 0.131639 1.298686 1.298686 1.298686 
0 -126.774985 25.422539 137.821670 0.369069 -0.089334 0.896042 -0.230035 
5 0.081193 1.314591 1.314591 1.314591 
0 46.223405 39.335409 -157.148497 0.765010 0.113242 -0.211588 0.597634 
5 0.726693 1.362797 1.362797 1.362797 
0 -171.927123 -66.731708 -86.304423 0.877376 -0.199691 0.416959 -0.128372 
5 0.982022 1.339362 1.339362 1.339362 
0 -181.862171 -119.120395 45.216952 0.656217 -0.370022 0.657615 -0.002142 
5 0.301349 1.314247 1.314247 1.314247 
0 -146.736580 53.744740 -112.436876 0.886178 0.166566 0.385213 -0.196356 
5 0.485588 1.313410 1.313410 1.313410 
0 -169.474908 -2.418637 -88.085337 0.872727 -0.016897 0.476639 -0.104290 
5 0.531039 1.363754 1.363754 1.363754 
0 -116.914876 -182.267258 -33.075770 0.652175 -0.221546 0.535450 0.488751 
5 1.287783 1.304872 1.304872 1.304872 
0 -143.160356 -156.200574 -68.589785 0.856118 -0.330152 0.389606 0.079175 
5 0.566910 1.363270 1.363270 1.363270 
0 -89.888061 -213.107368 -26.910033 0.650294 -0.326658 0.520568 0.446565 
5 1.397454 1.294714 1.294714 1.294714 
0 -165.641553 -130.704931 -43.307005 0.835543 -0.345012 0.427373 0.013678 
5 0.109308 1.297869 1.297869 1.297869 
0 17.148315 45.085820 -161.545016 0.777854 0.176780 -0.160651 0.581278 
5 0.429665 1.476610 1.476610 1.476610 
0 -129.489301 146.575367 47.794609 0.626128 0.385300 0.656070 -0.170526 
5 0.325572 1.325706 1.325706 1.325706 
0 32.143719 -31.638958 -188.736179 0.985301 -0.025275 -0.084212 -0.146465 
5 0.290053 1.320092 1.320092 1.320092 
0 -150.232458 29.137745 -86.741309 0.886206 0.082020 0.454267 0.039399 
5 0.649178 1.300988 1.300988 1.300988 
0 -131.667246 121.847487 9.148295 0.662465 0.321179 0.599376 -0.314217 
5 0.314414 1.284090 1.284090 1.284090 
0 -117.705858 54.752122 -101.776410 0.886566 0.172591 0.380888 -0.197831 
5 0.242382 1.369539 1.369539 1.369539 
0 25.575624 157.867166 -31.498139 0.748410 0.561333 0.188008 -0.299066 
5 0.439344 1.295854 1.295854 1.295854 
0 -75.182208 69.975499 159.222649 0.205220 -0.019603 0.950311 -0.233257 
5 1.441009 1.293120 1.293120 1.293120 
0 -141.931274 -124.733596 10.155503 0.750958 -0.405705 0.520463 0.024169 
5 0.972384 1.285066 1.285066 1.285066 
0 -66.776591 170.118586 0.423838 0.704138 0.702288 0.062523 0.084099 
5 0.435741 1.416099 1.416099 1.416099 
0 131.572925 -114.755610 -29.250806 0.630319 0.045186 -0.662246 -0.402600 
5 0.552955 1.546943 1.546943 1.546943 
0 142.941087 36.229798 -18.133279 0.716129 -0.028831 -0.696600 -0.032798 
5 0.507586 1.489532 1.489532 1.489532 
0 99.610754 122.778994 1.718843 0.619721 0.207031 -0.720207 0.233209 
5 0.325836 1.478546 1.478546 1.478546 
0 -156.345590 -21.499677 14.478253 0.021620 0.763571 0.159695 0.625291 
5 0.686685 1.414738 1.414738 1.414738 
0 163.297975 -41.538376 -1.079786 0.697618 -0.062740 -0.713711 0.003040 
5 0.402158 1.433169 1.433169 1.433169 
0 103.745885 147.903788 -6.182423 0.582554 0.215093 -0.690493 0.370925 
5 0.595783 1.419528 1.419528 1.419528 
0 -59.396413 164.091774 -50.256396 0.167081 0.349167 -0.555703 0.735772 
5 0.193404 1.399891 1.399891 1.399891 
0 144.013316 85.457218 -5.591117 0.592366 0.085592 -0.718499 0.354309 
5 0.249063 1.567562 1.567562 1.567562 
0 108.365251 134.664057 -47.784985 0.675496 0.142319 -0.628870 0.357733 
5 0.442520 1.390354 1.390354 1.390354 
0 -111.503015 -177.362413 9.800497 0.186527 -0.528461 -0.548569 -0.620490 
5 0.404532 1.525110 1.525110 1.525110 
0 -159.221218 12.072104 -39.096282 0.059421 -0.646093 -0.070350 -0.757683 
5 0.301015 1.586956 1.586956 1.586956 
0 -150.683094 91.962189 19.988290 0.689319 0.185434 0.699974 -0.022136 
5 0.697249 1.408583 1.408583 1.408583 
0 149.426303 -104.314921 -14.158292 0.694491 -0.428385 -0.568122 -0.106798 
5 0.502942 1.465442 1.465442 1.465442 
0 136.364366 123.838112 2.368620 0.645104 0.199053 -0.700929 0.230036 
5 0.602412 1.356361 1.356361 1.356361 
0 -112.251502 -172.283515 -27.092287 0.664752 -0.194077 0.573111 0.438158 
5 0.527794 1.425174 1.425174 1.425174 
0 -155.189355 -9.972876 -19.420828 0.028152 0.664021 0.185259 0.723852 
5 0.191589 1.378214 1.378214 1.378214 
0 -14.594204 162.037302 -62.219079 0.328788 0.282450 -0.555144 0.709885 
5 0.233669 1.589470 1.589470 1.589470 
0 -157.743345 68.184485 18.549105 0.689038 0.198053 0.696358 0.032972 
5 0.675382 1.343882 1.343882 1.343882 
0 -90.621039 -172.613218 -89.465090 0.598693 -0.452860 -0.181087 -0.635367 
5 0.370616 1.329904 1.329904 1.329904 
0 -106.562185 -123.642957 100.914050 0.513053 -0.724362 0.441859 -0.129758 
5 0.191534 1.374511 1.374511 1.374511 
0 134.362014 106.929895 -45.827669 0.748347 0.396334 -0.507428 0.159416 
5 0.590987 1.329046 1.329046 1.329046 
0 139.662724 -106.261207 13.806866 0.634313 -0.216502 -0.735896 -0.096080 
5 0.364017 1.431583 1.431583 1.431583 
0 159.990498 1.600053 24.398147 0.624511 -0.212401 -0.750614 0.038077 
5 0.601942 1.376649 1.376649 1.376649 
0 187.844847 -43.640256 19.708802 0.623695 0.073314 -0.776791 -0.047181 
5 0.426255 1.357339 1.357339 1.357339 
0 165.735306 -24.595557 -59.922053 0.792172 -0.128179 -0.594089 0.055597 
5 0.713731 1.335223 1.335223 1.335223 
0 -77.109693 -155.537515 50.641692 0.595707 -0.459728 0.630571 0.190167 
5 0.933534 1.354479 1.354479 1.354479 
0 165.658812 -47.709322 -75.280905 0.796836 0.025389 -0.575623 -0.181840 
5 0.150370 1.436702 1.436702 1.436702 
0 -142.683044 -111.649583 -32.585176 0.754554 -0.289410 0.535623 0.244946 
5 0.287640 1.342416 1.342416 1.342416 
0 -99.784724 -176.437091 -17.251794 0.208706 -0.542317 -0.476560 -0.659715 
5 0.208838 1.406502 1.406502 1.406502 
0 -143.809562 98.350100 18.327348 0.143491 0.764228 -0.095255 0.621524 
5 0.291465 1.318729 1.318729 1.318729 
0 186.644252 -18.354007 -53.446185 0.780230 -0.046538 -0.591073 0.199269 
5 0.296434 1.353380 1.353380 1.353380 
0 -112.596305 -192.697427 -27.429676 0.667551 -0.248410 0.549822 0.436307 
5 0.199003 1.349432 1.349432 1.349432 
0 175.366143 83.645913 -10.661788 0.619897 0.082530 -0.699805 0.345238 
5 0.447777 1.372227 1.372227 1.372227 
0 -182.507177 -2.828493 -12.799885 0.749868 0.018157 0.659835 0.044572 
5 0.236256 1.314268 1.314268 1.314268 
0 -169.281075 -114.248703 44.036536 0.446013 -0.759770 0.209452 -0.424208 
5 0.792025 1.340160 1.340160 1.340160 
0 120.701310 -106.693426 8.132870 0.668893 -0.177287 -0.716745 -0.086181 
5 0.482467 1.305717 1.305717 1.305717 
0 107.023334 -201.349334 8.408750 0.621671 -0.360935 -0.643568 -0.262814 
5 0.116137 1.351925 1.351925 1.351925 
0 151.306112 100.950994 24.851342 0.538802 0.168214 -0.762746 0.315618 
5 0.432666 1.413007 1.413007 1.413007 
0 141.065038 66.902299 17.958838 0.512315 0.691337 -0.185249 -0.474625 
5 0.183589 1.509044 1.509044 1.509044 
0 -0.732970 -1.934272 -142.932162 0.998844 -0.009222 0.002010 0.047132 
5 1.479316 1.422176 1.422176 1.422176 
0 156.148527 -5.450037 16.367134 0.345784 0.375338 -0.662865 -0.547873 
5 0.341007 1.475709 1.475709 1.475709 
0 135.277269 -4.064149 -59.541617 0.813504 -0.089914 -0.572637 -0.047040 
5 0.562363 1.412534 1.412534 1.412534 
0 35.779111 161.787140 44.474430 0.570009 0.729283 0.211160 -0.314082 
5 0.876131 1.359861 1.359861 1.359861 
0 171.101406 -115.688466 -3.585788 0.587372 0.005483 -0.724348 -0.360949 
5 0.557689 1.424306 1.424306 1.424306 
0 -145.914857 -25.250882 6.955823 0.710342 -0.118721 0.692862 0.035521 
5 0.357502 1.396589 1.396589 1.396589 
0 -157.941026 33.486586 -37.645483 0.788310 0.095639 0.606134 -0.044958 
5 0.493596 1.436199 1.436199 1.436199 
0 183.071410 -36.650093 13.448695 0.097681 0.663375 -0.140535 -0.728452 
5 0.257022 1.573824 1.573824 1.573824 
0 121.622018 -19.113739 -92.883805 0.865109 -0.170469 -0.461094 -0.099594 
5 1.530734 1.363760 1.363760 1.363760 
0 138.049062 139.149058 0.413009 0.625011 0.619653 -0.270383 -0.390235 
5 0.635351 1.512309 1.512309 1.512309 
0 124.130511 100.244980 -29.835339 0.721712 0.093824 -0.649715 0.219544 
5 0.112128 1.461868 1.461868 1.461868 
0 143.981533 -4.069941 -3.798984 0.657270 -0.028582 -0.749819 -0.070360 
5 0.908627 1.422017 1.422017 1.422017 
0 139.079351 73.465637 -72.426059 0.743784 0.227242 -0.517873 0.356307 
5 1.371053 1.346431 1.346431 1.346431 
0 90.626705 -98.972249 -96.931379 0.853465 -0.112749 -0.423690 -0.281730 
5 0.517953 1.373002 1.373002 1.373002 
0 -148.462482 105.152991 -19.008152 0.779853 0.315136 0.540800 -0.007349 
5 0.649689 1.344401 1.344401 1.344401 
0 -86.248278 -165.584104 -55.817760 0.235337 -0.418913 -0.443265 -0.756733 
5 0.292342 1.329871 1.329871 1.329871 
0 66.072498 1.211735 -159.699041 0.975162 -0.047479 -0.213869 -0.032621 
5 0.512477 1.387066 1.387066 1.387066 
0 123.382063 -55.126392 -73.713485 0.837172 0.011792 -0.497870 -0.226121 
5 0.557444 1.431540 1.431540 1.431540 
0 -147.497217 -1.739890 2.779617 0.720173 -0.092799 0.686665 0.035072 
5 0.708469 1.337915 1.337915 1.337915 
0 -83.360779 -188.086091 -55.106278 0.236578 -0.421523 -0.447327 -0.752494 
5 0.758650 1.403956 1.403956 1.403956 
0 142.138421 -9.098119 -76.404073 0.133991 0.475350 -0.010028 -0.869476 
5 1.544002 1.332918 1.332918 1.332918 
0 79.755142 181.826629 -60.871135 0.773933 0.539090 -0.332049 0.012368 
5 0.572481 1.425806 1.425806 1.425806 
0 -13.484048 193.992137 -2.176848 0.666036 0.732612 -0.090281 0.107360 
5 0.714200 1.378170 1.378170 1.378170 
0 121.398998 163.850170 -44.851135 0.618115 0.587995 0.008753 -0.521650 
5 0.520668 1.372963 1.372963 1.372963 
0 -147.031642 58.131942 -82.819950 0.877628 0.062869 0.473599 -0.039001 
5 0.394892 1.348526 1.348526 1.348526 
0 171.220677 16.788468 -59.706581 0.231287 0.518141 -0.000659 -0.823429 
5 0.051811 1.370507 1.370507 1.370507 
0 104.178417 -30.794401 -118.879308 0.910852 -0.211751 -0.349190 0.059809 
5 0.268635 1.447730 1.447730 1.447730 
0 91.866021 118.599878 -103.812278 0.871246 0.186087 -0.395586 0.223190 
5 0.178825 1.358346 1.358346 1.358346 
0 15.236421 -89.375786 -162.418035 0.955267 -0.284940 -0.060767 -0.050812 
5 1.239115 1.367858 1.367858 1.367858 
0 54.611888 139.406382 -130.099846 0.856844 0.238861 -0.311088 0.334646 
5 0.464463 1.382268 1.382268 1.382268 
0 -106.600790 148.766811 -27.667890 0.780108 0.336132 0.502613 -0.160705 
5 0.400097 1.355695 1.355695 1.355695 
0 163.879040 -133.445797 10.062640 0.663984 -0.201399 -0.710206 -0.119042 
5 0.020977 1.290284 1.290284 1.290284 
0 39.707458 -49.348129 -144.310301 0.975590 -0.109641 -0.180469 0.060287 
5 1.456560 1.292898 1.292898 1.292898 
0 103.846399 -77.845223 -130.154950 0.812575 -0.023824 -0.412303 -0.411290 
5 0.469901 1.329346 1.329346 1.329346 
0 93.751140 38.071776 -150.860765 0.957738 0.018860 -0.286219 -0.021483 
5 1.509584 1.423259 1.423259 1.423259 
0 146.173632 96.776279 -91.904592 0.572797 0.389928 -0.261681 -0.671851 
5 1.388792 1.467337 1.467337 1.467337 
0 162.226337 18.857661 26.502307 0.336213 0.465904 -0.597363 -0.559510 
