5 0.913633 1.516631 1.516631 1.516631 
0 -64.050961 -166.108121 20.265190 0.413438 -0.735896 -0.276102 -0.459668 
5 1.212170 1.458311 1.458311 1.458311 
0 -61.619097 -51.901407 -112.031826 0.117448 0.243807 0.322959 0.906897 
5 0.653743 1.459602 1.459602 1.459602 
0 -118.127610 -128.636626 39.842414 0.587422 -0.300704 0.685399 0.307800 
5 0.493858 1.461330 1.461330 1.461330 
0 105.395551 -138.371718 -47.726730 0.741497 -0.267033 -0.576264 -0.216321 
5 0.484907 1.419253 1.419253 1.419253 
0 40.145823 68.602965 -138.838793 0.052442 0.078416 0.135738 -0.986243 
5 0.664960 1.450673 1.450673 1.450673 
0 -98.908635 -132.868544 41.246638 0.587020 -0.291896 0.687356 0.312644 
5 0.351870 1.495600 1.495600 1.495600 
0 34.716517 150.766275 -92.949593 0.855516 0.353233 -0.294902 0.237386 
5 0.245810 1.409652 1.409652 1.409652 
0 -15.873151 41.391778 -144.991591 0.996809 -0.001712 -0.001503 -0.079790 
5 0.971429 1.499257 1.499257 1.499257 
0 14.209049 180.029054 14.300934 0.350869 0.462154 0.547998 -0.602498 
5 0.406901 1.404263 1.404263 1.404263 
0 25.968398 44.119598 -151.405033 0.018645 0.023394 0.050755 -0.998263 
5 1.294962 1.421836 1.421836 1.421836 
0 -31.248659 -79.063699 -107.034772 0.044107 0.129298 0.407038 0.903137 
5 0.844766 1.460336 1.460336 1.460336 
0 81.528708 167.205629 29.050628 0.254590 0.626996 0.400119 -0.618033 
5 0.245560 1.589612 1.589612 1.589612 
0 -106.992361 83.736614 -40.651114 0.156639 0.619491 -0.067036 0.766291 
5 0.630522 1.397180 1.397180 1.397180 
0 -22.306022 -24.425202 -155.404845 0.998826 0.038312 0.027942 0.009896 
5 0.469227 1.397896 1.397896 1.397896 
0 34.500730 38.957739 -140.343479 0.034920 0.071845 0.122671 -0.989227 
5 0.338830 1.454667 1.454667 1.454667 
0 -33.264310 24.516873 -139.910192 0.960118 -0.039759 0.040988 0.273702 
5 1.002961 1.381524 1.381524 1.381524 
0 -84.849992 -63.481084 -110.768973 0.169063 0.262016 0.338438 0.887820 
5 0.857666 1.395141 1.395141 1.395141 
0 -19.727880 -171.648505 2.166581 0.306277 -0.136478 0.661996 0.670320 
5 0.360514 1.381451 1.381451 1.381451 
0 -6.174120 -9.370534 -158.838854 0.998609 -0.001118 -0.039220 0.035226 
5 0.530235 1.390899 1.390899 1.390899 
0 -55.254467 -12.035679 -141.772252 0.986898 -0.037402 0.148991 -0.049353 
5 0.165985 1.519015 1.519015 1.519015 
0 10.177916 -167.482944 10.169116 0.484156 -0.474157 -0.577829 -0.454842 
5 0.481860 1.433277 1.433277 1.433277 
0 12.024630 -12.420061 -148.597869 0.949456 -0.139120 -0.084342 0.268448 
5 0.250845 1.464958 1.464958 1.464958 
0 90.140963 -131.102097 -43.188772 0.768899 -0.316212 -0.522556 -0.189051 
5 0.338937 1.393912 1.393912 1.393912 
0 10.851177 -8.209978 -157.915230 0.268108 -0.002223 0.069642 -0.960866 
5 0.371768 1.378017 1.378017 1.378017 
0 -29.069053 29.686176 -160.661569 0.995146 0.030804 0.047616 0.080428 
5 0.717947 1.422298 1.422298 1.422298 
0 132.979195 70.576787 -6.038039 0.116558 0.559806 0.370909 -0.731750 
5 0.343327 1.428950 1.428950 1.428950 
0 118.840360 -133.926692 -6.520177 0.581389 -0.243896 -0.686193 -0.362824 
5 0.781610 1.366182 1.366182 1.366182 
0 -112.519000 165.961779 -30.595998 0.650824 0.675850 0.048845 0.342446 
5 0.187787 1.451980 1.451980 1.451980 
0 63.880141 143.017704 13.122400 0.365347 0.624432 0.350033 -0.595049 
5 1.009137 1.428733 1.428733 1.428733 
0 -52.349594 -26.195101 -127.957180 0.984869 0.002167 0.122459 -0.122606 
5 0.119719 1.422876 1.422876 1.422876 
0 -140.287003 -20.484009 65.037284 0.058938 0.870625 0.002839 0.488395 
5 0.165344 1.430947 1.430947 1.430947 
0 -61.996983 20.325030 -131.760611 0.072577 0.251316 -0.009866 0.965130 
5 0.371762 1.378291 1.378291 1.378291 
0 -29.349888 4.618560 -165.717507 0.995146 0.027015 0.049880 0.080419 
5 0.515067 1.551722 1.551722 1.551722 
0 125.867102 68.872178 2.909110 0.110540 0.667867 0.133877 -0.723748 
5 1.265431 1.550710 1.550710 1.550710 
0 -89.971581 141.294314 -5.939603 0.464020 0.734999 -0.087196 0.486682 
5 0.540377 1.498488 1.498488 1.498488 
0 -126.911730 -79.829963 17.261946 0.707704 -0.191268 0.677540 0.059258 
5 0.408919 1.438137 1.438137 1.438137 
0 -8.823035 -33.050057 -143.201937 0.999376 0.003241 -0.023740 0.025934 
5 0.864795 1.439850 1.439850 1.439850 
0 -30.788707 38.503536 -147.632009 0.985946 0.042468 0.054167 0.152226 
5 0.735034 1.427920 1.427920 1.427920 
0 85.409395 120.059833 -104.778117 0.845128 0.203615 -0.420199 0.260253 
5 0.540375 1.498434 1.498434 1.498434 
0 -127.226312 -60.656600 13.290957 0.723096 -0.189735 0.662436 0.048074 
5 0.508163 1.462292 1.462292 1.462292 
0 117.084863 76.855088 -38.057930 0.711631 0.044344 -0.648582 0.266376 
5 1.395222 1.441491 1.441491 1.441491 
0 93.840622 -160.385852 9.552031 0.060601 0.303993 -0.615465 -0.724651 
5 0.576589 1.421904 1.421904 1.421904 
0 125.510392 -12.424465 86.455642 0.160804 0.818927 -0.238214 -0.496743 
5 0.933462 1.417455 1.417455 1.417455 
0 118.469314 118.213098 27.425820 0.538273 0.156883 -0.774671 0.292462 
5 1.299257 1.442623 1.442623 1.442623 
0 95.753262 -141.020982 12.239357 0.050635 0.303101 -0.618246 -0.723421 
5 0.483171 1.400119 1.400119 1.400119 
0 101.771386 -56.181711 118.634126 0.021797 0.861980 -0.262048 -0.433413 
5 0.628077 1.400274 1.400274 1.400274 
0 -23.504967 -60.818255 -133.572484 0.997520 -0.062780 0.029572 0.011724 
5 0.203611 1.402764 1.402764 1.402764 
0 31.326257 -149.427589 103.154047 0.091632 -0.041740 -0.885982 -0.452656 
5 0.250151 1.384377 1.384377 1.384377 
0 -5.565644 167.914391 -73.829266 0.847294 0.523865 -0.069765 0.052829 
5 0.347608 1.446197 1.446197 1.446197 
0 -125.826426 19.764807 92.165269 0.101240 0.900405 -0.017334 0.422755 
5 0.413561 1.409695 1.409695 1.409695 
0 -14.469298 177.051787 -47.154899 0.566795 0.517743 -0.370931 0.522585 
5 1.335896 1.349317 1.349317 1.349317 
0 56.288521 72.250683 151.047751 0.093972 0.901679 0.319080 -0.276282 
5 1.004482 1.419486 1.419486 1.419486 
0 119.745279 41.519945 22.995641 0.550140 0.157638 -0.777540 0.260629 
5 1.049858 1.365193 1.365193 1.365193 
0 135.125275 -87.225252 -3.108831 0.580728 -0.530301 -0.514917 0.341168 
5 0.891576 1.354706 1.354706 1.354706 
0 -36.656794 140.945490 113.002338 0.388088 0.914327 -0.072651 0.090091 
5 0.614783 1.526381 1.526381 1.526381 
0 -103.052466 -76.639132 -81.532581 0.915787 -0.187594 0.347618 -0.072835 
5 0.550992 1.550916 1.550916 1.550916 
0 -54.277727 -73.464055 122.559589 0.275828 -0.125431 0.948151 0.095888 
5 0.729822 1.487457 1.487457 1.487457 
0 135.663791 11.123984 24.635941 0.614834 -0.138742 -0.776336 -0.005556 
5 0.760527 1.466387 1.466387 1.466387 
0 136.357915 -36.969675 41.692829 0.522412 0.226892 -0.801621 -0.181685 
5 1.247470 1.453424 1.453424 1.453424 
0 -60.810235 -163.461322 -41.341714 0.764918 -0.490532 0.340603 0.241388 
5 0.724573 1.487456 1.487456 1.487456 
0 147.249839 6.292386 6.854409 0.637365 -0.190413 -0.746601 -0.009803 
5 0.956229 1.462521 1.462521 1.462521 
0 -21.560669 -76.378749 -139.337811 0.936576 -0.189502 -0.049630 -0.290604 
5 0.637730 1.438180 1.438180 1.438180 
0 -74.049370 163.365455 -11.494549 0.121214 0.419292 -0.593147 0.676519 
5 0.518128 1.420207 1.420207 1.420207 
0 -42.344217 151.577016 -69.141125 0.803377 0.484159 0.234967 -0.254884 
5 0.430447 1.509183 1.509183 1.509183 
0 113.912070 -25.949050 84.722164 0.344047 0.323244 -0.875763 -0.100915 
5 0.550306 1.418103 1.418103 1.418103 
0 -103.259255 74.849205 102.579009 0.464658 0.216143 0.854690 -0.082944 
5 0.366971 1.470284 1.470284 1.470284 
0 117.570058 134.349754 -30.525430 0.685203 0.179548 -0.634580 0.309139 
5 0.750533 1.437058 1.437058 1.437058 
0 -123.127799 -111.218441 -31.014083 0.290880 -0.657278 -0.153477 -0.678100 
5 0.648399 1.415021 1.415021 1.415021 
0 21.468977 -164.875967 -82.184087 0.272275 -0.158940 0.447003 0.837134 
5 0.285532 1.393020 1.393020 1.393020 
0 -27.837127 130.012091 101.922477 0.449075 0.891120 -0.005699 0.064846 
5 0.325407 1.419719 1.419719 1.419719 
0 -63.017442 106.326009 89.393204 0.302199 0.101058 0.861029 -0.396348 
5 0.147871 1.517278 1.517278 1.517278 
0 -102.749598 99.961722 -40.871442 0.432557 0.643324 0.007516 0.631643 
5 0.870397 1.423753 1.423753 1.423753 
0 -99.685287 -49.071456 112.833281 0.357872 -0.018709 0.891456 0.277278 
5 0.384895 1.531514 1.531514 1.531514 
0 -87.604182 101.897134 84.266920 0.483679 0.227470 0.837159 -0.116089 
5 0.540635 1.418051 1.418051 1.418051 
0 -106.016752 92.735407 105.472882 0.449283 0.251280 0.853229 -0.083685 
5 0.288285 1.387126 1.387126 1.387126 
0 -33.560817 94.165163 155.003755 0.180882 0.981269 -0.001142 0.066263 
5 1.320005 1.458472 1.458472 1.458472 
0 64.270456 169.025618 -2.501482 0.325135 0.087969 -0.742477 0.579030 
5 0.695534 1.371692 1.371692 1.371692 
0 -2.833663 -195.587855 -50.816829 0.178611 -0.056345 0.569547 0.800337 
5 1.448432 1.375456 1.375456 1.375456 
0 -167.637654 6.819873 -7.359051 0.576316 0.622348 0.335873 0.409551 
5 0.619075 1.566329 1.566329 1.566329 
0 -125.287136 -56.772446 -4.361575 0.752926 -0.143809 0.639447 -0.059414 
5 0.668937 1.498084 1.498084 1.498084 
0 -136.212633 -30.373083 50.970062 0.614238 -0.035207 0.785657 0.064925 
5 0.469466 1.571819 1.571819 1.571819 
0 -126.824065 -64.346543 15.465000 0.719432 -0.084463 0.689408 -0.000913 
5 0.668944 1.490856 1.490856 1.490856 
0 -139.144905 -62.469630 51.898285 0.612986 -0.041671 0.785424 0.074967 
5 0.577227 1.478599 1.478599 1.478599 
0 -137.078232 51.428230 -25.949295 0.775755 0.251852 0.577864 -0.029135 
5 1.120614 1.508887 1.508887 1.508887 
0 -132.030822 -17.491435 29.951463 0.626549 -0.206199 0.722519 -0.207085 
5 0.434676 1.492931 1.492931 1.492931 
0 -111.622431 -26.635300 94.916011 0.416979 0.123093 0.860618 0.265166 
5 0.529977 1.539762 1.539762 1.539762 
0 -106.256097 20.800356 89.248573 0.464080 -0.015797 0.883715 0.058556 
5 1.082194 1.424106 1.424106 1.424106 
0 -20.268855 131.543059 119.136363 0.359730 0.900397 0.233160 -0.074266 
5 0.545342 1.403897 1.403897 1.403897 
0 -56.373140 -138.578752 -83.619260 0.845930 -0.402922 0.262309 0.230761 
5 0.657172 1.422715 1.422715 1.422715 
0 -137.391222 -57.019385 -32.701731 0.729906 -0.077080 0.594505 0.328420 
5 0.747649 1.439814 1.439814 1.439814 
0 -120.249051 33.583120 61.000842 0.496146 -0.099992 0.795937 -0.332153 
5 0.457648 1.524732 1.524732 1.524732 
0 -122.922355 -109.257243 56.145697 0.605757 -0.247283 0.749022 0.104285 
5 0.248414 1.414450 1.414450 1.414450 
0 87.863308 89.717626 -104.514951 0.879755 0.151203 -0.417635 0.169560 
5 0.723080 1.388703 1.388703 1.388703 
0 -41.662810 -145.446303 -65.694446 0.780710 -0.410187 0.278365 0.380463 
5 0.570520 1.459243 1.459243 1.459243 
0 -77.154665 21.718231 -124.336193 0.962039 0.118607 0.241787 -0.044181 
5 0.879121 1.535824 1.535824 1.535824 
0 107.796645 129.459551 25.507642 0.046908 0.548648 0.462271 -0.695047 
5 0.778611 1.571412 1.571412 1.571412 
0 -122.800851 22.888973 -41.523172 0.054037 0.638378 -0.050591 0.766156 
5 1.096626 1.509809 1.509809 1.509809 
0 -109.110588 132.587176 2.579170 0.729690 0.398417 0.552073 -0.063502 
5 0.578323 1.499398 1.499398 1.499398 
0 -134.616812 -112.051408 13.827902 0.678771 -0.283681 0.647774 0.197950 
5 0.985004 1.460629 1.460629 1.460629 
0 123.661001 -9.065627 81.207034 0.419754 -0.341891 -0.838689 0.059311 
5 0.386403 1.491881 1.491881 1.491881 
0 -140.991821 1.477897 33.555062 0.019714 -0.794217 -0.130923 -0.593034 
5 0.563742 1.447897 1.447897 1.447897 
0 -95.959923 151.996381 31.606766 0.352405 0.752345 -0.293796 0.472729 
5 0.572532 1.436795 1.436795 1.436795 
0 -38.426331 -185.156926 15.817882 0.205334 -0.445145 -0.624840 -0.607667 
5 0.456564 1.410069 1.410069 1.410069 
0 -73.388997 162.135528 -32.215914 0.727598 0.431091 0.419665 -0.329610 
5 0.725861 1.381950 1.381950 1.381950 
0 -26.487538 181.280345 -73.756566 0.787078 0.441027 0.235251 -0.361471 
5 0.452844 1.427464 1.427464 1.427464 
0 132.949438 38.658147 59.583794 0.153143 0.798335 0.113715 -0.571206 
5 0.631101 1.457634 1.457634 1.457634 
0 17.044327 146.184442 89.033244 0.098797 0.192232 0.864029 -0.454687 
5 0.410559 1.502921 1.502921 1.502921 
0 150.695211 13.967744 11.739834 0.149087 0.691923 0.108176 -0.698078 
5 0.642163 1.472621 1.472621 1.472621 
0 149.033689 21.962078 1.015079 0.674504 -0.036326 -0.735878 -0.046994 
5 0.641642 1.500478 1.500478 1.500478 
0 -82.936977 -15.840176 101.009553 0.211238 -0.917479 -0.160431 -0.296435 
5 0.827805 1.450306 1.450306 1.450306 
0 116.883062 53.976265 55.307385 0.254254 0.748259 0.264788 -0.552586 
5 0.599847 1.492743 1.492743 1.492743 
0 73.919430 163.429056 39.527896 0.212367 0.569133 0.493378 -0.622548 
5 0.418082 1.467042 1.467042 1.467042 
0 87.608651 162.168538 11.165867 0.514089 0.354159 -0.667804 0.405365 
5 0.518508 1.431689 1.431689 1.431689 
0 113.475876 108.454579 58.596518 0.328424 0.755805 0.231865 -0.516851 
5 0.759195 1.452393 1.452393 1.452393 
0 -137.404483 4.005347 49.961880 0.604750 0.011274 0.778498 -0.167606 
5 0.987467 1.483958 1.483958 1.483958 
0 -16.543012 178.834803 54.469661 0.573064 0.644850 0.433954 -0.259710 
5 1.028959 1.424924 1.424924 1.424924 
0 23.792746 174.014130 78.028961 0.150401 0.258209 0.800858 -0.518974 
5 0.970402 1.553684 1.553684 1.553684 
0 -130.413793 -102.009437 -33.323236 0.805766 -0.206495 0.552568 0.052629 
5 0.615215 1.497736 1.497736 1.497736 
0 -12.600126 -42.592036 -137.257051 0.992377 -0.098179 0.013281 0.073290 
5 0.742963 1.517036 1.517036 1.517036 
0 94.900406 98.661770 96.143889 0.261191 -0.175202 -0.914138 0.255804 
5 0.562991 1.443213 1.443213 1.443213 
0 -78.939918 -149.285964 -10.767954 0.168302 -0.446250 -0.554406 -0.682034 
5 0.158641 1.447782 1.447782 1.447782 
0 19.437771 79.384709 125.488861 0.026417 0.024410 -0.943370 0.329786 
5 0.599220 1.414308 1.414308 1.414308 
0 -1.945699 87.159737 154.318668 0.078861 0.118066 0.979466 -0.143133 
5 0.616350 1.387658 1.387658 1.387658 
0 -48.652134 -11.847439 -142.834766 0.993319 -0.023841 0.112855 0.003579 
5 0.199900 1.395969 1.395969 1.395969 
0 62.491718 -118.685778 80.175738 0.469285 -0.846265 -0.021625 0.251277 
5 1.448560 1.382900 1.382900 1.382900 
0 63.818539 175.252453 -1.153587 0.675221 0.666803 -0.121183 -0.291144 
5 0.256586 1.397322 1.397322 1.397322 
0 1.673610 12.661010 -140.952489 0.996791 0.028014 -0.034066 -0.066801 
5 0.327502 1.370118 1.370118 1.370118 
0 61.478653 -128.371106 105.371857 0.400143 -0.882569 0.022856 0.245837 
5 0.517473 1.408248 1.408248 1.408248 
0 -31.173537 5.521948 -159.407420 0.997013 0.008940 0.050269 0.057958 
5 0.814888 1.542086 1.542086 1.542086 
0 -94.751475 -20.943858 -99.506355 0.911891 -0.126391 0.328041 0.211822 
5 0.643913 1.594709 1.594709 1.594709 
0 128.959170 40.164741 -21.102888 0.703766 -0.089199 -0.693296 0.126882 
5 0.894048 1.542850 1.542850 1.542850 
0 131.271182 -4.123465 24.669081 0.576286 -0.309323 -0.750549 0.094289 
5 0.781523 1.476661 1.476661 1.476661 
0 104.717415 57.449680 -106.633245 0.023073 0.337478 0.122253 -0.933076 
5 0.580333 1.563927 1.563927 1.563927 
0 125.349511 95.648896 -39.276908 0.750651 0.136029 -0.634122 0.126129 
5 0.680949 1.503683 1.503683 1.503683 
0 -90.782135 -15.818089 -110.158257 0.954980 0.042956 0.293436 -0.007999 
5 0.720202 1.502106 1.502106 1.502106 
0 -95.974816 37.105604 -110.676966 0.951382 0.048782 0.303618 0.017542 
5 0.437954 1.479568 1.479568 1.479568 
0 -33.906629 -157.586066 -59.258211 0.347529 -0.398521 -0.475997 -0.702731 
5 0.500483 1.445428 1.445428 1.445428 
0 103.921027 -13.679372 -107.979496 0.025094 0.331625 0.112934 -0.936291 
5 0.360542 1.433826 1.433826 1.433826 
0 -14.226607 -1.067828 -145.873439 0.999971 0.002627 0.003189 -0.006439 
5 0.345538 1.529442 1.529442 1.529442 
0 125.905033 -106.893388 -29.560676 0.683624 -0.264808 -0.622410 -0.274118 
5 0.433384 1.528195 1.528195 1.528195 
0 134.329445 93.597828 37.529397 0.516634 -0.057966 -0.814954 0.256084 
5 0.665227 1.458764 1.458764 1.458764 
0 27.576662 174.714671 41.811550 0.457668 0.597354 -0.563844 0.340278 
5 0.582824 1.468073 1.468073 1.468073 
0 122.468632 -34.817540 -76.341720 0.044816 0.432316 -0.210734 -0.875606 
5 0.501764 1.453430 1.453430 1.453430 
0 -72.146979 -156.376543 5.368644 0.647706 -0.462993 0.509194 0.326858 
5 0.288374 1.488092 1.488092 1.488092 
0 -115.565920 124.387182 24.668322 0.270992 0.719149 -0.301203 0.564504 
5 1.156657 1.430433 1.430433 1.430433 
0 135.375116 -24.651853 -16.838058 0.518316 -0.371517 -0.604899 0.476886 
5 0.282760 1.496132 1.496132 1.496132 
0 -101.549784 140.273676 6.962398 0.355649 0.729566 -0.211339 0.544595 
5 0.545287 1.462291 1.462291 1.462291 
0 128.583079 -69.265651 -65.299306 0.021256 0.461910 -0.210510 -0.861320 
5 0.872352 1.454409 1.454409 1.454409 
0 84.453856 157.948813 -49.865495 0.519273 0.159961 -0.627906 0.557227 
5 0.466542 1.446244 1.446244 1.446244 
0 133.349651 -6.259296 67.749791 0.484497 -0.030838 -0.874197 -0.009525 
5 0.807205 1.419798 1.419798 1.419798 
0 23.920753 156.234549 -83.400912 0.687531 0.367767 -0.394577 0.486166 
5 0.842074 1.486894 1.486894 1.486894 
0 -34.209099 160.925859 -5.135198 0.460632 0.655506 -0.352746 0.483426 
5 0.582844 1.483772 1.483772 1.483772 
0 -18.204694 -34.285306 -143.762020 0.999894 -0.007822 0.007652 -0.009638 
5 0.622710 1.419075 1.419075 1.419075 
0 46.410265 176.705209 -46.881620 0.298928 0.122635 -0.628545 0.707484 
5 0.187786 1.529548 1.529548 1.529548 
0 118.002757 -93.469223 -30.216509 0.683616 -0.254317 -0.626765 -0.274148 
5 0.617944 1.395546 1.395546 1.395546 
0 -13.476488 170.666763 64.553937 0.298977 0.572855 -0.637235 0.419978 
5 1.012650 1.624722 1.624722 1.624722 
0 -128.950926 -9.934218 19.749166 0.676132 -0.033097 0.711913 -0.186896 
5 1.064456 1.622071 1.622071 1.622071 
0 128.722027 -11.993326 -6.864643 0.671929 -0.311044 -0.668189 0.072709 
5 1.044926 1.636715 1.636715 1.636715 
0 133.882000 -29.872800 -3.296332 0.658234 0.184985 -0.716092 -0.140432 
5 1.060442 1.609255 1.609255 1.609255 
0 132.836472 -43.421267 -30.198243 0.696838 0.155847 -0.668523 -0.207858 
5 1.025504 1.602905 1.602905 1.602905 
0 -124.455676 17.834140 -39.898959 0.820321 0.142597 0.528183 -0.166623 
5 0.843771 1.593054 1.593054 1.593054 
0 124.829113 -33.310792 2.068329 0.633790 -0.072070 -0.743371 -0.201284 
5 0.732801 1.687737 1.687737 1.687737 
0 -125.309166 -3.285516 20.157717 0.694538 0.056981 0.717001 -0.016721 
5 0.972037 1.548593 1.548593 1.548593 
0 128.963506 -52.397462 -39.198864 0.731586 -0.313614 -0.590266 -0.134218 
5 1.043194 1.570873 1.570873 1.570873 
0 131.984874 -93.499999 -1.647847 0.620363 0.011503 -0.745963 -0.241986 
5 0.654439 1.691155 1.691155 1.691155 
0 -123.358588 7.515821 15.581837 0.697131 0.053844 0.714858 0.009312 
5 0.689627 1.543582 1.543582 1.543582 
0 120.557541 75.164881 1.995969 0.613443 0.145012 -0.726609 0.273311 
5 0.727826 1.537952 1.537952 1.537952 
0 122.867093 -66.186876 -0.665106 0.612616 -0.189245 -0.713129 -0.283435 
5 0.781176 1.544524 1.544524 1.544524 
0 121.658447 -111.879777 -37.443925 0.698978 -0.280611 -0.595919 -0.278508 
5 0.821605 1.609873 1.609873 1.609873 
0 -126.878526 -53.303312 -49.850842 0.852129 -0.141363 0.472471 -0.175111 
5 1.213914 1.537989 1.537989 1.537989 
0 129.589231 6.871964 -36.934608 0.708105 0.333972 -0.579770 -0.225644 
5 0.681595 1.539191 1.539191 1.539191 
0 89.162005 -137.758935 2.601047 0.595546 -0.310817 -0.677352 -0.299853 
5 0.698674 1.556753 1.556753 1.556753 
0 120.350375 -1.421414 -37.546572 0.751588 0.093155 -0.643682 0.110051 
5 0.671698 1.518471 1.518471 1.518471 
0 126.090306 103.788328 -33.275067 0.707013 0.204016 -0.636909 0.229907 
5 0.582796 1.495723 1.495723 1.495723 
0 -9.412466 170.110536 14.601057 0.676695 0.685323 0.174223 -0.205093 
5 0.725018 1.510576 1.510576 1.510576 
0 118.697240 116.997438 -3.239377 0.644979 0.267556 -0.670456 0.250807 
5 0.471728 1.522623 1.522623 1.522623 
0 120.975183 25.146349 28.758651 0.552038 0.079481 -0.798184 0.227682 
5 0.584702 1.513127 1.513127 1.513127 
0 -84.467010 36.327404 115.597837 0.012386 0.963715 -0.005255 0.266595 
5 0.469012 1.549535 1.549535 1.549535 
0 89.676279 -121.915978 9.222330 0.582803 -0.261876 -0.703009 -0.312315 
5 0.530164 1.512251 1.512251 1.512251 
0 -84.241654 -1.156983 112.198929 0.002240 0.961956 -0.004941 0.273150 
5 0.424488 1.505927 1.505927 1.505927 
0 119.728638 62.859408 31.989807 0.554507 0.132019 -0.794450 0.209625 
5 0.424488 1.505927 1.505927 1.505927 
0 119.728638 62.859408 31.989807 0.554507 0.132019 -0.794450 0.209625 
5 0.282523 1.445839 1.445839 1.445839 
0 8.007386 92.792111 -120.564850 0.939666 0.332543 -0.078487 0.016833 
5 0.342749 1.533234 1.533234 1.533234 
0 125.866721 -27.278147 33.926089 0.242337 0.664952 -0.301889 -0.638729 
5 0.597916 1.525582 1.525582 1.525582 
0 -123.840699 -32.064178 28.977599 0.660538 -0.033162 0.749642 -0.025047 
5 0.173901 1.403626 1.403626 1.403626 
0 144.926452 1.260270 63.324768 0.498668 0.083061 -0.862789 -0.005142 
5 0.333258 1.402588 1.402588 1.402588 
0 110.844311 17.716816 -95.618886 0.882946 0.039584 -0.467728 -0.008416 
5 0.915857 1.473900 1.473900 1.473900 
0 -33.977186 176.477353 -22.624110 0.239421 0.385926 -0.592470 0.665370 
5 0.408427 1.428579 1.428579 1.428579 
0 -11.981998 -8.106155 -151.303764 0.999257 0.029044 -0.003457 -0.025103 
5 0.385472 1.428347 1.428347 1.428347 
0 -13.781391 8.169422 -149.957944 0.999076 0.028180 0.017015 -0.027635 
5 0.383484 1.463497 1.463497 1.463497 
0 -17.583892 17.565249 -140.634967 0.999981 -0.000385 0.005721 -0.002424 
5 0.832730 1.499886 1.499886 1.499886 
0 12.963719 154.588155 -45.424915 0.540785 0.337689 -0.540505 0.548974 
5 0.729667 1.391054 1.391054 1.391054 
0 -54.080108 69.620450 -147.972946 0.961766 0.155008 0.089012 0.207498 
5 0.235573 1.443334 1.443334 1.443334 
0 -52.339579 -48.756814 -137.572534 0.978661 -0.155749 0.132793 -0.018190 
5 0.235573 1.443334 1.443334 1.443334 
0 -52.339579 -48.756814 -137.572534 0.978661 -0.155749 0.132793 -0.018190 
5 0.281975 1.427263 1.427263 1.427263 
0 -2.978218 -184.517528 -5.397506 0.510072 -0.529596 -0.511988 -0.444099 
5 0.468787 1.388133 1.388133 1.388133 
0 -87.050521 46.241351 -137.786002 0.935600 0.125645 0.208102 0.256045 
5 0.408482 1.414985 1.414985 1.414985 
0 -81.224893 -166.783211 -40.554535 0.702850 -0.294517 0.502734 0.408068 
5 0.137399 1.400199 1.400199 1.400199 
0 21.188454 -164.980164 -72.174238 0.487078 -0.281826 -0.490362 -0.665488 
5 0.803313 1.578641 1.578641 1.578641 
0 -125.136205 44.694446 9.661771 0.081037 0.693076 -0.317772 0.641949 
5 0.840860 1.613556 1.613556 1.613556 
0 -122.203369 52.369026 11.297705 0.243624 0.761518 -0.054949 0.598096 
5 0.847531 1.568458 1.568458 1.568458 
0 -111.394113 105.328305 19.217521 0.317732 0.755361 -0.171647 0.546821 
5 0.912238 1.564780 1.564780 1.564780 
0 -80.179860 147.591292 7.858019 0.415491 0.698422 -0.283510 0.509113 
5 0.732396 1.598927 1.598927 1.598927 
0 125.588686 15.094530 53.654744 0.170385 -0.782450 -0.117686 0.587274 
5 0.853403 1.547083 1.547083 1.547083 
0 -106.449319 130.155405 -8.714969 0.346119 0.680345 -0.241606 0.599132 
5 1.009794 1.545840 1.545840 1.545840 
0 -30.871772 174.840847 -8.206655 0.363663 0.477130 -0.555372 0.575897 
5 0.819382 1.537581 1.537581 1.537581 
0 -132.254640 83.787552 12.069737 0.278781 0.754165 -0.077810 0.589459 
5 0.741300 1.543076 1.543076 1.543076 
0 -139.938397 48.790888 -3.319510 0.163641 0.694633 -0.229469 0.661854 
5 0.543724 1.505756 1.505756 1.505756 
0 76.016689 -128.830884 -58.181974 0.265680 -0.373656 0.385799 0.800596 
5 1.185471 1.497311 1.497311 1.497311 
0 24.214246 162.392527 -10.812714 0.221242 0.218046 0.615849 -0.724042 
5 1.039533 1.509167 1.509167 1.509167 
0 -88.542588 66.270447 -118.473338 0.342362 0.404616 0.010737 0.847915 
5 0.585506 1.526646 1.526646 1.526646 
0 -135.688010 61.894031 4.563446 0.160145 0.711556 -0.213405 0.650000 
5 0.569935 1.522995 1.522995 1.522995 
0 -93.019731 116.457671 9.573638 0.252089 0.686508 -0.316396 0.604195 
5 0.534748 1.462941 1.462941 1.462941 
0 95.495350 -116.047112 -81.977743 0.168434 -0.340800 0.328530 0.864612 
