5 0.419267 1.633774 1.633774 1.633774 
0 -19.461810 1.695212 -213.683825 0.999117 -0.001705 0.004041 -0.041785 
5 0.411981 1.618981 1.618981 1.618981 
0 -16.168848 -105.522323 -116.002876 0.948850 -0.314725 -0.008235 -0.023763 
5 0.750479 1.652634 1.652634 1.652634 
0 -14.002180 40.821008 -209.021932 0.848386 0.024044 0.072263 -0.523871 
5 0.350442 1.615766 1.615766 1.615766 
0 -17.625711 5.588492 -153.233751 0.999284 -0.000599 0.000820 -0.037831 
5 0.993186 1.605632 1.605632 1.605632 
0 19.710226 22.924791 -194.167806 0.006640 -0.003073 0.060445 -0.998145 
5 0.234171 1.607502 1.607502 1.607502 
0 -80.833008 50.704921 -169.150380 0.682323 -0.107092 0.254390 -0.676943 
5 0.197076 1.607782 1.607782 1.607782 
0 -81.310243 50.618370 -138.202943 0.682893 -0.106627 0.253382 -0.676820 
5 0.233181 1.599133 1.599133 1.599133 
0 -36.836593 59.219166 -197.839112 0.984318 0.157240 0.066604 -0.044246 
5 0.092439 1.613526 1.613526 1.613526 
0 -0.671929 19.872565 -161.589095 0.638695 -0.005054 0.024679 -0.769047 
5 0.442272 1.604189 1.604189 1.604189 
0 3.217017 -9.629181 -167.632270 0.389369 0.039595 0.001531 0.920229 
5 0.285626 1.587742 1.587742 1.587742 
0 45.282720 -47.203777 187.807449 0.112023 -0.935914 0.257491 0.212635 
5 0.987344 1.618588 1.618588 1.618588 
0 -12.786816 39.210542 -163.431503 0.986214 0.119857 -0.032592 0.109338 
5 0.987620 1.618610 1.618610 1.618610 
0 -12.563108 39.037491 -137.251107 0.986214 0.119287 -0.032588 0.109959 
5 0.330947 1.624788 1.624788 1.624788 
0 -34.587730 23.540750 -163.384018 0.959877 0.009544 0.056186 -0.274568 
5 0.543470 1.614471 1.614471 1.614471 
0 -64.811898 4.711693 -201.408424 0.987424 -0.015667 0.123718 -0.097171 
5 1.169016 1.598220 1.598220 1.598220 
0 -82.314605 -56.203878 -187.201851 0.955579 -0.095727 0.194110 0.200066 
5 0.415926 1.604605 1.604605 1.604605 
0 -44.179122 45.955087 -163.368071 0.988585 0.131701 0.061954 0.038950 
5 1.293611 1.621087 1.621087 1.621087 
0 56.781567 24.471359 -179.500315 0.975527 0.063046 -0.210549 0.006420 
5 0.589826 1.613446 1.613446 1.613446 
0 -66.778138 53.966839 -155.460219 0.924181 0.204447 0.068549 0.315263 
5 0.655569 1.612691 1.612691 1.612691 
0 -45.070708 80.193141 -146.416559 0.873303 0.292308 -0.016897 0.389374 
5 1.078961 1.617058 1.617058 1.617058 
0 12.904379 61.655411 -131.879056 0.639432 0.100523 0.052464 -0.760441 
5 0.393712 1.640227 1.640227 1.640227 
0 99.722585 60.284327 -116.556516 0.794425 0.259855 -0.177070 -0.519625 
5 0.528344 1.634206 1.634206 1.634206 
0 93.758819 59.421265 -147.499388 0.795915 0.249935 -0.169915 -0.524576 
5 0.804050 1.614643 1.614643 1.614643 
0 -35.710651 -68.198221 186.082300 0.090683 -0.856568 -0.489164 -0.137062 
5 0.259593 1.593400 1.593400 1.593400 
0 86.474490 95.337259 151.762625 0.358064 0.772329 -0.514478 -0.103012 
5 0.670440 1.594591 1.594591 1.594591 
0 -64.760349 -38.496501 184.967037 0.202851 -0.831649 0.515115 -0.043223 
5 0.471519 1.607563 1.607563 1.607563 
0 150.000994 41.394326 80.386295 0.411053 0.618526 -0.588694 -0.319219 
5 0.539217 1.639832 1.639832 1.639832 
0 -33.714691 8.381010 179.831188 0.126625 0.758076 0.638184 0.044816 
5 0.781315 1.585832 1.585832 1.585832 
0 95.472985 -144.660504 75.632036 0.186301 0.131726 -0.805074 -0.547536 
5 0.599974 1.599293 1.599293 1.599293 
0 5.659206 -120.449105 163.215579 0.065096 -0.322939 -0.891094 -0.312130 
5 0.599979 1.599285 1.599285 1.599285 
0 -1.556668 -121.991302 170.899185 0.051060 -0.321089 -0.886126 -0.330266 
5 0.471028 1.599129 1.599129 1.599129 
0 149.599518 31.823626 66.010252 0.381247 0.618984 -0.603190 -0.328133 
5 0.759525 1.576253 1.576253 1.576253 
0 -57.234813 138.249520 -111.978508 0.277293 -0.091820 0.461039 -0.837926 
