5 0.759149 1.556122 1.556122 1.556122 
0 -7.877827 -65.090542 -131.855893 0.925134 -0.190531 -0.108211 -0.310026 
5 1.030697 1.562365 1.562365 1.562365 
0 56.168708 7.783669 -126.908493 0.869447 0.068508 -0.213061 -0.440424 
5 0.708232 1.556175 1.556175 1.556175 
0 -28.751394 -50.762042 -137.157351 0.939595 -0.184688 -0.011786 -0.287947 
5 0.525781 1.749418 1.749418 1.749418 
0 110.218517 60.630558 -6.088065 0.500176 -0.140330 -0.612529 0.595768 
5 1.042231 1.623750 1.623750 1.623750 
0 -3.504298 32.073718 -141.321842 0.849379 0.087508 -0.012122 -0.520337 
5 1.223014 1.533052 1.533052 1.533052 
0 -60.822974 12.640302 -142.563915 0.989654 0.012195 0.128989 -0.061630 
5 0.517539 1.694249 1.694249 1.694249 
0 -26.333399 -103.659256 57.784860 0.421609 -0.903952 -0.022355 -0.067954 
5 0.517539 1.694249 1.694249 1.694249 
0 -26.333399 -103.659256 57.784860 0.421609 -0.903952 -0.022355 -0.067954 
5 0.877825 1.524852 1.524852 1.524852 
0 -21.863063 4.622199 -153.048135 0.997791 -0.002263 0.022295 -0.062536 
5 0.711981 1.541671 1.541671 1.541671 
0 -16.769642 118.977818 -73.108951 0.899563 0.436399 0.011467 -0.014509 
5 1.123417 1.501719 1.501719 1.501719 
0 78.602459 -81.056621 -108.723001 0.615828 -0.069754 -0.378062 -0.687720 
5 0.691077 1.528109 1.528109 1.528109 
0 -77.721427 3.925517 -132.228965 0.643754 0.227322 0.110194 0.722331 
5 0.673787 1.557370 1.557370 1.557370 
0 38.909613 -31.645604 -147.400576 0.171042 0.041176 -0.108920 -0.978359 
5 0.631000 1.570137 1.570137 1.570137 
0 -36.707427 118.382850 -73.901370 0.885939 0.442273 0.006132 0.139530 
5 0.489362 1.755729 1.755729 1.755729 
0 103.460930 46.184681 -19.446491 0.577509 -0.111864 -0.539659 0.602277 
5 1.133990 1.539722 1.539722 1.539722 
0 -44.791427 6.387957 -157.489246 0.917152 -0.063202 0.051653 -0.390089 
5 0.597619 1.633034 1.633034 1.633034 
0 -92.307190 -55.600459 -48.708797 0.843034 -0.374569 0.189119 -0.336491 
5 0.816135 1.520075 1.520075 1.520075 
0 -9.762383 -60.804129 -146.986886 0.975036 -0.153804 -0.004191 0.160099 
5 0.601256 1.679066 1.679066 1.679066 
0 -23.689408 107.805311 -61.565337 0.865939 0.489155 0.089748 -0.053132 
5 0.774187 1.560269 1.560269 1.560269 
0 36.579470 40.237079 -138.733352 0.232523 -0.010489 -0.157097 0.959762 
5 0.589831 1.608433 1.608433 1.608433 
0 33.364424 39.802080 -124.903427 0.264842 -0.015844 -0.155685 0.951509 
5 0.964384 1.598901 1.598901 1.598901 
0 -54.107265 -38.950783 -142.000882 0.982156 -0.133066 0.117531 0.062048 
5 0.965892 1.556930 1.556930 1.556930 
0 -9.416219 -13.848431 -150.221857 0.944685 0.002607 0.000174 0.327970 
5 1.083259 1.590274 1.590274 1.590274 
0 -32.217585 11.723136 -141.340606 0.996366 -0.010594 0.043063 -0.072723 
5 0.815298 1.548430 1.548430 1.548430 
0 -6.205200 13.273262 -152.972226 0.996310 0.057425 -0.034932 0.053375 
5 0.549761 1.699034 1.699034 1.699034 
0 -112.893212 40.080388 35.383508 0.335466 -0.534605 0.621894 -0.463582 
5 0.733198 1.530302 1.530302 1.530302 
0 45.075170 -6.518263 -130.805131 0.662378 0.055504 -0.135617 -0.734699 
5 0.595116 1.700334 1.700334 1.700334 
0 -113.898443 37.006474 55.279973 0.349392 -0.545214 0.606752 -0.460998 
5 0.922088 1.559925 1.559925 1.559925 
0 15.339981 57.661678 -147.833304 0.923242 0.137306 -0.060847 -0.353652 
5 0.819444 1.523486 1.523486 1.523486 
0 -36.376603 12.912184 -153.213592 0.994293 0.055502 0.058002 0.070262 
5 0.569384 1.551856 1.551856 1.551856 
0 -6.090396 -3.832713 -143.034372 0.999439 0.000171 -0.021270 0.025862 
5 1.259860 1.510877 1.510877 1.510877 
0 -13.116236 -23.572250 -154.358183 0.970238 -0.017287 -0.009624 0.241343 
5 0.881616 1.509760 1.509760 1.509760 
0 24.324231 31.567755 -156.130279 0.984496 0.092274 -0.125713 -0.080306 
5 0.549732 1.722460 1.722460 1.722460 
0 -112.362909 44.909442 14.272876 0.327281 -0.502060 0.619853 -0.506562 
5 1.253940 1.510732 1.510732 1.510732 
0 -45.767607 -8.664159 -144.434902 0.997296 -0.017188 0.069885 -0.014874 
5 0.779993 1.599366 1.599366 1.599366 
0 -37.272420 -52.147417 127.707999 0.185849 -0.978739 -0.062818 -0.059868 
5 0.605802 1.740153 1.740153 1.740153 
0 -97.546891 71.195570 9.221838 0.590638 0.676824 0.416499 0.139947 
5 0.605805 1.740594 1.740594 1.740594 
0 -89.452668 59.879795 58.288903 0.424477 0.780703 0.431034 0.156625 
5 1.098115 1.537453 1.537453 1.537453 
0 -23.419257 -1.296075 -150.858347 0.516556 0.124999 0.004104 0.847070 
5 0.779994 1.605483 1.605483 1.605483 
0 -37.409333 -40.155246 128.420407 0.185705 -0.978765 -0.062237 -0.060496 
5 0.946225 1.636080 1.636080 1.636080 
0 48.868721 93.182460 116.400581 0.375588 0.793581 -0.473391 -0.071163 
5 1.060118 1.585116 1.585116 1.585116 
0 -105.455769 -61.953348 -86.871867 0.684391 -0.418953 0.088990 -0.590058 
