5 1.570000 1.543888 1.543888 2.750000 
0 -127.401016 18.269401 104.441334 0.024764 0.973368 -0.051825 0.221937 
5 1.570000 1.543876 1.543876 2.750000 
0 -127.489716 18.069830 160.715616 0.023836 0.973325 -0.050613 0.222505 
5 1.570000 1.542301 1.542301 2.750000 
0 -124.855090 18.254059 94.324611 0.024676 0.973642 -0.050913 0.220952 
5 1.570000 1.533884 1.533884 2.750000 
0 -183.324507 68.949801 -11.809569 0.193236 0.833069 -0.071095 0.513422 
5 1.570000 1.533102 1.533102 2.750000 
0 -81.093067 -43.969511 -191.868062 0.985071 -0.149447 0.038847 -0.076103 
5 1.570000 1.527761 1.527761 2.750000 
0 -79.239098 24.613766 -169.653227 0.264685 0.315736 -0.040193 0.910295 
5 1.570000 1.548794 1.548794 2.750000 
0 -122.554378 19.045164 -121.568483 0.088112 0.424323 -0.032197 0.900638 
5 1.570000 1.538737 1.538737 2.750000 
0 -173.776461 8.063250 -139.378218 0.187509 0.607045 0.054464 0.770305 
5 1.570000 1.536550 1.536550 2.750000 
0 -193.376846 -11.765520 16.260047 0.020799 0.763468 0.048501 0.643686 
5 1.570000 1.539052 1.539052 2.750000 
0 -100.085559 23.318276 -129.785876 0.028908 0.382050 -0.053911 0.922115 
5 1.570000 1.531845 1.531845 2.750000 
0 -73.394377 -51.512909 -193.561162 0.096576 0.301237 0.138750 0.938444 
5 1.570000 1.536349 1.536349 2.750000 
0 -120.285867 62.866897 -177.944060 0.148786 0.455458 -0.137137 0.866957 
5 1.570000 1.547064 1.547064 2.750000 
0 -115.231571 13.757910 -100.556813 0.134337 0.432510 -0.006144 0.891544 
5 1.570000 1.529572 1.529572 2.750000 
0 -156.083704 -30.508074 -88.867375 0.009213 0.565169 0.090587 0.819935 
5 1.570000 1.518898 1.518898 2.750000 
0 -89.504565 -35.195085 -196.442312 0.263666 0.306071 0.116147 0.907364 
5 1.570000 1.522711 1.522711 2.750000 
0 -158.371896 21.346579 -141.788844 0.013153 0.545724 -0.057216 0.835906 
5 1.570000 1.545701 1.545701 2.750000 
0 -194.246209 33.136770 -10.847040 0.835899 0.033393 0.541047 -0.086175 
5 1.570000 1.546080 1.546080 2.750000 
0 -114.600591 31.731272 -161.249337 0.982534 0.054319 0.160005 -0.077936 
5 1.570000 1.538514 1.538514 2.750000 
0 -78.940213 -13.116570 -157.172928 0.988640 0.013161 0.060987 0.136744 
5 1.570000 1.533539 1.533539 2.750000 
0 -77.698881 33.921484 -218.635105 0.985040 0.037512 0.067413 -0.154091 
5 1.570000 1.532946 1.532946 2.750000 
0 -108.035208 19.038135 -131.161554 0.989173 0.060793 0.133043 0.011814 
5 1.570000 1.535713 1.535713 2.750000 
0 -205.428060 -18.820509 7.333638 0.798787 -0.073295 0.597112 0.004952 
5 1.570000 1.525745 1.525745 2.750000 
0 -97.958665 20.062586 -166.957491 0.965419 0.136405 0.092923 0.201802 
5 1.570000 1.546772 1.546772 2.750000 
0 -79.788841 19.046468 -165.568678 0.995918 0.047401 0.075125 -0.016000 
5 1.570000 1.547463 1.547463 2.750000 
0 -150.853338 9.140909 -98.445397 0.956550 -0.042816 0.264056 -0.115987 
5 1.570000 1.538108 1.538108 2.750000 
0 -190.159267 56.051708 2.813136 0.787510 0.148000 0.594085 -0.070627 
5 1.570000 1.538108 1.538108 2.750000 
0 -190.159267 56.051708 2.813136 0.787510 0.148000 0.594085 -0.070627 
5 1.570000 1.535516 1.535516 2.750000 
0 -174.045835 31.459786 -52.561130 0.900819 -0.058998 0.378448 -0.204503 
5 1.570000 1.536670 1.536670 2.750000 
0 -151.382522 9.220228 -116.739878 0.956068 -0.042939 0.264829 -0.118131 
5 1.570000 1.535477 1.535477 2.750000 
0 -77.133480 -0.057501 -214.970097 0.998405 -0.000080 0.055417 0.010789 
5 1.570000 1.534681 1.534681 2.750000 
0 -194.716825 -11.156863 -17.117741 0.824487 -0.071740 0.560556 -0.029178 
5 1.570000 1.528457 1.528457 2.750000 
0 -193.180505 46.456662 49.679194 0.773016 0.122887 0.619480 -0.059906 
5 1.570000 1.529667 1.529667 2.750000 
0 -126.382922 4.067003 -112.702229 0.974752 -0.039392 0.194461 -0.102432 
5 1.570000 1.529657 1.529657 2.750000 
0 -193.111029 47.858502 12.700627 0.784108 0.149997 0.600607 -0.044112 
5 1.570000 1.529431 1.529431 2.750000 
0 -120.106336 22.649278 -178.555561 0.983437 0.047963 0.169855 -0.041246 
5 1.570000 1.547246 1.547246 2.750000 
0 -188.564824 32.624534 -78.876919 0.104122 0.696233 -0.039226 0.709140 
5 1.570000 1.545561 1.545561 2.750000 
0 -188.580731 32.470119 -100.012603 0.102550 0.695393 -0.039293 0.710188 
5 1.570000 1.540639 1.540639 2.750000 
0 -180.396225 -65.153591 -32.559603 0.868513 -0.092239 0.462952 0.151169 
5 1.570000 1.535818 1.535818 2.750000 
0 -79.992413 -0.347284 -164.675601 0.994766 0.014772 0.083830 0.056521 
5 1.570000 1.534856 1.534856 2.750000 
0 1.620986 -142.777187 -141.573718 0.688015 -0.167922 0.159392 0.687773 
5 1.570000 1.530583 1.530583 2.750000 
0 23.737869 -89.976734 -216.244376 0.669031 -0.097689 0.029105 0.736211 
5 1.570000 1.515723 1.515723 2.750000 
0 0.467343 -154.518150 -153.703396 0.690268 -0.228342 0.203813 0.655630 
5 1.570000 1.504260 1.504260 2.750000 
0 38.840882 -176.112796 -44.996105 0.675406 -0.386404 0.150190 0.609887 
5 1.570000 1.512961 1.512961 2.750000 
0 -9.273115 -190.304371 -63.344121 0.568502 -0.319884 0.426995 0.626223 
5 1.570000 1.503354 1.503354 2.750000 
0 32.955401 -172.712957 -76.420330 0.683133 -0.372601 0.163315 0.606487 
5 1.570000 1.507627 1.507627 2.750000 
0 -28.857157 -96.516452 -176.785638 0.637175 0.004530 0.155634 0.754828 
5 1.570000 1.512835 1.512835 2.750000 
0 13.753328 -90.340201 -151.964292 0.698298 -0.095410 0.043546 0.708083 
5 1.570000 1.507665 1.507665 2.750000 
0 -28.724275 -96.695169 -203.187541 0.637070 0.002389 0.155882 0.754875 
5 1.570000 1.526955 1.526955 2.750000 
0 39.426717 -159.182145 -120.332642 0.634476 -0.285407 0.155703 0.701242 
5 1.570000 1.511810 1.511810 2.750000 
0 -6.240242 -103.529166 -183.263357 0.678267 -0.069722 0.121503 0.721339 
5 1.570000 1.502682 1.502682 2.750000 
0 -2.840422 -144.067915 -156.660789 0.787131 -0.240496 0.111650 0.556885 
5 1.570000 1.504054 1.504054 2.750000 
0 -23.153269 -173.023009 -124.822385 0.624989 -0.181634 0.340798 0.678421 
5 1.570000 1.504047 1.504047 2.750000 
0 -23.135411 -173.022263 -108.031196 0.624992 -0.181630 0.340796 0.678419 
5 1.570000 1.501847 1.501847 2.750000 
0 48.145205 -109.838375 -191.298125 0.670573 -0.211696 0.031081 0.710317 
5 1.570000 1.499689 1.499689 2.750000 
0 45.890991 -108.734421 -149.765228 0.702353 -0.220061 0.012703 0.676840 
5 1.570000 1.524130 1.524130 2.750000 
0 1.572277 -183.511762 108.865646 0.483234 -0.548040 0.497662 0.467409 
5 1.570000 1.523804 1.523804 2.750000 
0 0.072654 -183.530282 90.778117 0.482906 -0.543596 0.503096 0.467119 
5 1.570000 1.509283 1.509283 2.750000 
0 42.325569 -145.402574 -100.757056 0.579685 -0.229357 0.167431 0.763759 
5 1.570000 1.516087 1.516087 2.750000 
0 40.066315 -124.452419 -180.923577 0.704395 -0.241258 0.053853 0.665374 
5 1.570000 1.520910 1.520910 2.750000 
0 39.968560 -84.626725 -174.570554 0.565544 -0.086639 0.032122 0.819525 
5 1.570000 1.513723 1.513723 2.750000 
0 41.640110 -142.079031 -164.813222 0.710546 -0.272817 0.063748 0.645470 
5 1.570000 1.511930 1.511930 2.750000 
0 -0.216822 -136.082714 -120.945568 0.768605 -0.206131 0.114230 0.594734 
5 1.570000 1.512419 1.512419 2.750000 
0 -2.791501 -136.779010 -143.537214 0.775539 -0.202340 0.111355 0.587535 
5 1.570000 1.510316 1.510316 2.750000 
0 53.561685 -145.126879 -138.432946 0.582877 -0.261253 0.141841 0.756229 
5 1.570000 1.512188 1.512188 2.750000 
0 39.397438 -121.088205 -168.876161 0.708927 -0.218675 0.043677 0.669101 
5 1.570000 1.513254 1.513254 2.750000 
0 -4.824266 -92.572805 205.460491 0.245866 -0.607675 0.715852 0.240493 
5 1.570000 1.510304 1.510304 2.750000 
0 -27.313017 -99.815748 -177.252755 0.668710 -0.023516 0.159510 0.725831 
5 1.570000 1.519942 1.519942 2.750000 
0 -7.011682 -97.713678 -188.852173 0.559766 -0.005763 0.138361 0.816998 
5 1.570000 1.522691 1.522691 2.750000 
0 3.915388 -81.523394 -137.871330 0.701583 -0.229941 -0.235725 -0.631936 
5 1.570000 1.519014 1.519014 2.750000 
0 33.734821 -152.794682 -69.237008 0.557688 -0.314611 -0.467681 -0.609326 
5 1.570000 1.521674 1.521674 2.750000 
0 -20.781955 -172.874412 -106.289510 0.473214 -0.447197 -0.430820 -0.624882 
5 1.570000 1.507990 1.507990 2.750000 
0 -7.489422 -161.734525 -143.761402 0.467524 -0.380404 -0.424495 -0.675661 
5 1.570000 1.552904 1.552904 2.750000 
0 79.310080 7.566058 -173.447989 0.033171 0.059184 0.009638 -0.997649 
5 1.570000 1.552893 1.552893 2.750000 
0 78.243991 9.372906 -159.084951 0.027278 0.048527 0.016951 -0.998305 
5 1.570000 1.552450 1.552450 2.750000 
0 79.286060 7.519331 -195.000503 0.033339 0.058570 0.009280 -0.997683 
5 1.570000 1.552479 1.552479 2.750000 
0 96.655383 8.557383 -177.827033 0.037022 0.124238 0.008709 -0.991523 
5 1.570000 1.551845 1.551845 2.750000 
0 97.671452 7.978012 -164.492158 0.032179 0.133148 0.009299 -0.990530 
5 1.570000 1.550608 1.550608 2.750000 
0 109.946070 -1.860551 -136.972943 0.039520 0.164905 -0.024113 -0.985222 
5 1.570000 1.548261 1.548261 2.750000 
0 97.254712 7.142939 -147.131061 0.035119 0.133065 0.004288 -0.990476 
5 1.570000 1.548389 1.548389 2.750000 
0 99.210249 15.357723 -132.136883 0.029865 0.139415 0.031217 -0.989291 
5 1.570000 1.549190 1.549190 2.750000 
0 110.329591 1.771814 -185.689212 0.025199 0.152657 -0.007533 -0.987929 
5 1.570000 1.544710 1.544710 2.750000 
0 111.768872 2.299418 -125.858432 0.023763 0.156026 -0.002716 -0.987463 
5 1.570000 1.545297 1.545297 2.750000 
0 80.204889 29.484128 -154.957415 0.104825 0.071053 0.044596 -0.990946 
5 1.570000 1.544018 1.544018 2.750000 
0 79.465303 31.832105 -197.282246 0.090128 0.065359 0.057090 -0.992142 
5 1.570000 1.542990 1.542990 2.750000 
0 145.788947 13.031252 -141.670269 0.026265 0.291463 0.025377 -0.955885 
5 1.570000 1.549640 1.549640 2.750000 
0 158.023503 27.713958 -84.121671 0.034156 0.348031 0.064236 -0.934656 
5 1.570000 1.552278 1.552278 2.750000 
0 77.315593 3.629589 -177.672659 0.940801 0.009596 -0.338762 0.006400 
5 1.570000 1.551825 1.551825 2.750000 
0 77.635811 4.929614 -146.856465 0.940980 0.013760 -0.337944 -0.012700 
5 1.570000 1.549314 1.549314 2.750000 
0 73.587222 -21.537903 -128.455995 0.944673 -0.057165 -0.322993 -0.000245 
5 1.570000 1.550960 1.550960 2.750000 
0 77.478809 -19.868559 -173.163910 0.940094 -0.051453 -0.336877 -0.009482 
5 1.570000 1.547696 1.547696 2.750000 
0 78.559350 6.411889 -166.027585 0.939657 0.017083 -0.341689 0.001457 
5 1.570000 1.550667 1.550667 2.750000 
0 82.760749 22.153301 -135.017353 0.934205 0.057941 -0.351989 -0.002569 
5 1.570000 1.549054 1.549054 2.750000 
0 84.511403 -23.433678 -186.569102 0.931686 -0.062367 -0.357512 0.016045 
5 1.570000 1.549472 1.549472 2.750000 
0 76.103539 -20.248698 -161.840912 0.941352 -0.053190 -0.332995 -0.011884 
5 1.570000 1.548270 1.548270 2.750000 
0 80.444799 3.774557 -188.029843 0.939114 0.012412 -0.342439 -0.025433 
5 1.570000 1.549285 1.549285 2.750000 
0 82.619390 26.049022 -164.774717 0.933913 0.070340 -0.349586 -0.025452 
5 1.570000 1.546691 1.546691 2.750000 
0 73.426323 -20.534121 -200.262329 0.943832 -0.055857 -0.325320 0.015132 
5 1.570000 1.550783 1.550783 2.750000 
0 89.567287 -15.862454 -157.184195 0.927439 -0.039933 -0.371655 -0.011617 
5 1.570000 1.550430 1.550430 2.750000 
0 120.174913 4.319731 -115.171318 0.887099 0.012746 -0.461332 -0.008080 
5 1.570000 1.550445 1.550445 2.750000 
0 120.325970 4.525906 -149.530537 0.887243 0.012940 -0.461045 -0.008372 
5 1.570000 1.552399 1.552399 2.750000 
0 98.431184 -6.708319 -176.390485 0.920321 -0.016998 -0.390723 -0.007535 
5 1.570000 1.543033 1.543033 2.750000 
0 138.529775 6.152302 157.580111 0.264349 -0.049230 -0.961899 0.049456 
5 1.570000 1.542579 1.542579 2.750000 
0 74.567623 -16.223668 -195.515130 0.943415 -0.041307 -0.326039 -0.044267 
5 1.570000 1.549102 1.549102 2.750000 
0 179.677100 -4.255778 -38.863434 0.713345 -0.032588 -0.699221 0.034177 
5 1.570000 1.547521 1.547521 2.750000 
0 179.160437 -3.716017 -20.132790 0.715915 -0.027898 -0.696845 0.033070 
5 1.570000 1.538816 1.538816 2.750000 
0 93.167496 11.670315 -172.732153 0.925449 0.027035 -0.377521 0.017059 
5 1.570000 1.547602 1.547602 2.750000 
0 179.010981 -3.033269 -62.778769 0.717217 -0.027421 -0.695529 0.032982 
5 1.570000 1.548058 1.548058 2.750000 
0 175.766905 -4.683358 -82.088879 0.737094 -0.025855 -0.674857 0.024345 
5 1.570000 1.548221 1.548221 2.750000 
0 179.857911 -4.042232 -51.875335 0.713123 -0.030598 -0.699534 0.034215 
5 1.570000 1.546493 1.546493 2.750000 
0 179.895256 -4.347716 -7.840458 0.711498 -0.032570 -0.701099 0.034204 
5 1.570000 1.550152 1.550152 2.750000 
0 160.297560 -11.085773 -118.839850 0.800681 -0.043883 -0.596548 0.033408 
5 1.570000 1.548250 1.548250 2.750000 
0 176.403213 -2.349597 -102.212575 0.736500 -0.025268 -0.674909 0.037770 
5 1.570000 1.550505 1.550505 2.750000 
0 169.670548 -6.585928 -124.958612 0.769617 -0.016418 -0.638269 -0.005669 
5 1.570000 1.521010 1.521010 2.750000 
0 -23.844516 128.860150 -143.261617 0.678811 0.112147 0.218895 -0.691898 
5 1.570000 1.520920 1.520920 2.750000 
0 -23.848250 136.969088 -118.279677 0.675584 0.112555 0.219851 -0.694682 
5 1.570000 1.522003 1.522003 2.750000 
0 -45.316807 183.996738 35.242138 0.548773 0.476063 0.556351 -0.403344 
5 1.570000 1.526440 1.526440 2.750000 
0 33.372123 197.744674 59.429300 0.499789 0.487393 0.402624 -0.592075 
5 1.570000 1.522044 1.522044 2.750000 
0 4.197749 97.571089 -196.396841 0.638734 0.067929 0.099233 -0.759972 
5 1.570000 1.517462 1.517462 2.750000 
0 -25.082018 136.576043 -99.235072 0.676238 0.106765 0.220271 -0.694826 
5 1.570000 1.518425 1.518425 2.750000 
0 26.327757 85.333608 -163.148740 0.711304 0.098097 -0.010925 -0.695920 
5 1.570000 1.522946 1.522946 2.750000 
0 19.624936 128.843879 -171.875258 0.594391 0.135528 0.150085 -0.778335 
5 1.570000 1.519394 1.519394 2.750000 
0 -9.643487 159.132948 -101.997559 0.566383 0.125258 0.294973 -0.759284 
5 1.570000 1.511814 1.511814 2.750000 
0 -11.293647 157.966263 -124.953716 0.791143 0.291244 0.152273 -0.515833 
5 1.570000 1.513128 1.513128 2.750000 
0 -50.882591 162.742095 -61.660550 0.690301 0.163923 0.341883 -0.616222 
5 1.570000 1.521833 1.521833 2.750000 
0 18.952072 141.536264 135.507777 0.339442 0.667301 0.546960 -0.374597 
5 1.570000 1.511865 1.511865 2.750000 
0 9.273161 133.314767 -140.877643 0.674335 0.167920 0.145410 -0.704224 
5 1.570000 1.507519 1.507519 2.750000 
0 5.097581 126.178961 -180.106636 0.571958 0.082916 0.182395 -0.795438 
5 1.570000 1.511572 1.511572 2.750000 
0 -13.714153 145.613540 -97.432773 0.724511 0.189465 0.197812 -0.632501 
5 1.570000 1.504923 1.504923 2.750000 
0 42.073135 92.115432 -194.200937 0.743956 0.179666 -0.029297 -0.642956 
5 1.570000 1.515754 1.515754 2.750000 
0 -11.099059 81.014644 -194.989736 0.649160 -0.002298 0.076110 -0.756831 
5 1.570000 1.512018 1.512018 2.750000 
0 10.276782 81.467926 -219.280128 0.768891 0.091863 0.007675 -0.632700 
5 1.570000 1.511691 1.511691 2.750000 
0 32.923914 182.343722 -59.370693 0.505937 0.283448 0.330267 -0.744720 
5 1.570000 1.510707 1.510707 2.750000 
0 1.544661 119.664255 -165.626562 0.637744 0.104831 0.158520 -0.746434 
5 1.570000 1.526543 1.526543 2.750000 
0 10.594782 190.756662 -2.028415 0.494721 0.479398 0.479424 -0.543674 
5 1.570000 1.520589 1.520589 2.750000 
0 -24.702681 194.898889 89.511766 0.578786 0.540783 0.445220 -0.417540 
5 1.570000 1.553889 1.553889 2.750000 
0 -47.813161 162.443025 151.136077 0.454703 0.498670 0.658299 -0.333491 
5 1.570000 1.510922 1.510922 2.750000 
0 -20.226403 191.152322 68.501747 0.543152 0.414418 0.507621 -0.524944 
5 1.570000 1.514246 1.514246 2.750000 
0 -3.774589 152.432923 78.620509 0.394318 0.671439 0.527979 -0.339000 
5 1.570000 1.513204 1.513204 2.750000 
0 33.263278 177.481598 39.050784 0.348833 0.598480 -0.674778 0.254583 
5 1.570000 1.515309 1.515309 2.750000 
0 17.742130 170.375495 -135.165303 0.558024 0.399210 -0.468106 0.556882 
5 1.570000 1.506550 1.506550 2.750000 
0 33.872491 163.823096 77.341187 0.294681 0.618939 -0.701858 0.193579 
