5 0.668161 1.515777 1.515777 1.515777 
0 -157.847115 -24.326413 -127.090044 0.615004 0.202473 0.207989 0.733154 
5 0.687106 1.505326 1.505326 1.505326 
0 -70.213634 -21.529440 -181.048524 0.696343 0.149072 0.162725 0.682938 
5 0.687106 1.505326 1.505326 1.505326 
0 -70.213634 -21.529440 -181.048524 0.696343 0.149072 0.162725 0.682938 
5 0.535892 1.479420 1.479420 1.479420 
0 -69.927173 19.314721 -157.218573 0.617436 -0.216150 0.206296 -0.727663 
5 0.921058 1.474232 1.474232 1.474232 
0 44.006906 -33.609730 -159.906380 0.819953 -0.045801 0.010409 0.570501 
5 1.083915 1.474437 1.474437 1.474437 
0 -52.968278 2.093330 -172.066473 0.433699 0.062181 -0.042637 0.897898 
5 0.491202 1.514390 1.514390 1.514390 
0 86.099967 -9.570619 182.351399 0.112266 0.664934 -0.710699 -0.200414 
5 0.367819 1.467387 1.467387 1.467387 
0 1.399503 19.040111 -180.311474 0.857775 0.147958 0.037906 0.490808 
5 0.551440 1.474214 1.474214 1.474214 
0 194.395786 28.092048 -32.084335 0.652288 0.398294 -0.409866 -0.497887 
5 0.925166 1.530475 1.530475 1.530475 
0 182.169118 -12.473156 -20.258404 0.677919 0.243403 -0.457694 -0.521245 
5 0.397571 1.445021 1.445021 1.445021 
0 47.819091 -12.011825 159.726756 0.071789 0.768150 -0.600536 -0.210116 
5 0.511103 1.468946 1.468946 1.468946 
0 27.209039 -8.202317 186.636416 0.098221 0.674988 -0.709694 -0.176290 
5 1.434119 1.403931 1.403931 1.403931 
0 -73.746815 1.373079 -173.452234 0.999721 -0.000747 0.013558 -0.019331 
5 0.331555 1.422879 1.422879 1.422879 
0 -51.272929 31.540356 -165.820939 0.706973 0.211090 0.008906 0.674945 
5 0.866156 1.455162 1.455162 1.455162 
0 68.986573 -3.605239 -169.163915 0.902826 0.012791 -0.068871 0.424263 
5 0.690814 1.479976 1.479976 1.479976 
0 -89.455455 -22.901547 -186.679058 0.676669 0.125876 0.153622 0.708995 
5 0.692956 1.433595 1.433595 1.433595 
0 33.908302 34.464373 -170.673704 0.796747 0.011139 0.054659 -0.601733 
5 0.209839 1.416173 1.416173 1.416173 
0 -24.514574 28.597510 -178.723905 0.706859 0.179199 0.001098 0.684279 
5 0.336810 1.438904 1.438904 1.438904 
0 106.455863 -37.397218 -170.622712 0.691736 -0.190589 -0.116156 0.686793 
5 0.694708 1.419241 1.419241 1.419241 
0 64.340367 20.503422 -182.034452 0.689548 -0.003408 -0.145218 0.709523 
5 0.301398 1.445976 1.445976 1.445976 
0 -114.791287 -13.239429 167.590340 0.218747 0.646522 0.700906 0.207099 
5 0.212284 1.413988 1.413988 1.413988 
0 -122.769789 27.956992 -162.453877 0.746521 0.256353 0.100366 0.605737 
5 0.790836 1.483961 1.483961 1.483961 
0 -116.861218 -13.893960 -150.294322 0.586041 0.193464 0.162227 0.769942 
5 0.605437 1.408291 1.408291 1.408291 
0 27.552902 -17.325865 -194.716736 0.900740 -0.000913 -0.004850 0.434331 
5 1.290636 1.390622 1.390622 1.390622 
0 -76.061272 8.674402 -200.510009 0.999582 0.015426 0.022381 0.009862 
5 0.187310 1.486067 1.486067 1.486067 
0 130.511627 -32.229612 -134.411931 0.697163 -0.238360 -0.202902 0.644964 
5 0.769339 1.423188 1.423188 1.423188 
0 -0.068701 -14.059094 -189.818527 0.752081 -0.177931 0.053568 -0.632333 
5 0.444664 1.450067 1.450067 1.450067 
0 183.704122 54.371478 -84.925163 0.685103 0.437505 -0.392673 -0.430153 
5 0.690276 1.442855 1.442855 1.442855 
0 6.644343 -11.915824 -199.113061 0.675427 -0.005982 -0.004558 0.737389 
5 1.291256 1.360484 1.360484 1.360484 
0 -23.612233 -12.871913 -201.509870 0.984024 -0.017444 -0.075362 0.160353 
5 0.676177 1.444680 1.444680 1.444680 
0 65.411599 -15.300525 -196.574962 0.690682 0.003359 -0.011805 0.723055 
5 0.805836 1.425529 1.425529 1.425529 
0 78.123706 30.875550 -150.050564 0.730375 0.086596 -0.002476 -0.677530 
5 0.786750 1.421646 1.421646 1.421646 
0 56.141888 -7.544674 -197.531337 0.901285 -0.014973 -0.068451 0.427523 
5 0.551611 1.406853 1.406853 1.406853 
0 -1.290220 19.062015 -201.925406 0.678807 0.046800 -0.099465 0.726043 
5 1.088499 1.423225 1.423225 1.423225 
0 6.545661 28.046128 180.704472 0.130348 0.520771 -0.843489 -0.018276 
5 0.439546 1.394773 1.394773 1.394773 
0 62.199998 -9.292205 172.102858 0.142627 -0.669649 -0.713169 0.150392 
5 0.568935 1.473914 1.473914 1.473914 
0 -54.290490 56.524773 180.415988 0.089218 0.576574 -0.807864 0.083412 
5 1.219083 1.465279 1.465279 1.465279 
0 -187.576781 -16.965083 -95.842527 0.762218 -0.310827 0.501639 -0.266025 
5 0.283526 1.399536 1.399536 1.399536 
0 171.570251 49.080676 -27.099658 0.692221 0.415441 -0.401949 -0.432059 
5 0.388484 1.392921 1.392921 1.392921 
0 87.222496 -5.928506 162.950045 0.143323 -0.721087 -0.644666 0.209517 
5 0.652721 1.381482 1.381482 1.381482 
0 -164.362376 72.513183 -125.168700 0.487116 -0.206007 0.355949 -0.770441 
5 0.523338 1.376534 1.376534 1.376534 
0 -6.163034 61.583163 178.305790 0.048119 0.824045 -0.532923 0.186086 
5 0.916837 1.396335 1.396335 1.396335 
0 -74.388913 11.034765 182.881385 0.085723 -0.471584 0.877252 -0.026268 
5 0.781861 1.490976 1.490976 1.490976 
0 86.979675 -12.527275 -173.027909 0.847167 -0.038520 -0.093322 0.521646 
5 0.477510 1.463016 1.463016 1.463016 
0 -177.465031 -15.827434 59.109434 0.396291 0.556666 0.651338 0.329903 
5 1.333899 1.419222 1.419222 1.419222 
0 -172.349080 14.298204 -117.097188 0.945760 0.014615 0.318423 -0.062701 
5 0.435161 1.431123 1.431123 1.431123 
0 -138.392544 -49.684380 -142.067914 0.722896 0.100095 0.283268 0.622223 
5 1.150933 1.385051 1.385051 1.385051 
0 193.591268 5.332016 63.781195 0.018797 -0.717307 -0.049886 0.694715 
5 1.249999 1.387652 1.387652 1.387652 
0 -188.330615 21.127211 -132.285495 0.939779 0.063945 0.335591 0.010251 
5 0.304601 1.419756 1.419756 1.419756 
0 164.356006 17.339019 97.538589 0.187645 -0.638235 -0.675633 0.317751 
5 0.277621 1.419997 1.419997 1.419997 
0 79.130140 -44.771447 -180.696084 0.617038 -0.278141 -0.099117 0.729437 
5 0.222085 1.444752 1.444752 1.444752 
0 173.831606 -50.332307 116.806794 0.312755 -0.768477 -0.480248 0.284584 
5 1.016289 1.427131 1.427131 1.427131 
0 210.851960 -7.986207 10.277944 0.606987 0.281508 -0.591099 -0.450468 
5 0.517282 1.536062 1.536062 1.536062 
0 -31.221916 49.247588 169.451387 0.095423 0.557098 -0.824417 0.029541 
5 0.550221 1.455475 1.455475 1.455475 
0 -192.463264 -5.383374 -71.936422 0.547770 0.433434 0.320970 0.639579 
5 0.388358 1.456893 1.456893 1.456893 
0 43.977717 31.442003 -175.310666 0.711100 -0.040520 -0.224809 0.664947 
5 0.668826 1.479573 1.479573 1.479573 
0 117.962631 39.869879 -165.296164 0.649865 0.202129 -0.079527 -0.728351 
5 0.402233 1.429401 1.429401 1.429401 
0 40.926600 5.470155 -178.652652 0.787925 0.013916 -0.056224 -0.613041 
5 0.636788 1.417259 1.417259 1.417259 
0 188.821028 -11.186518 49.709328 0.569061 0.266282 -0.699751 -0.340018 
5 0.196926 1.462643 1.462643 1.462643 
0 190.007930 -3.213481 -73.361990 0.539657 0.385524 -0.419135 -0.620054 
5 0.461590 1.388722 1.388722 1.388722 
0 -170.829942 -90.069262 -29.863552 0.397442 0.267715 0.428805 0.765830 
5 0.355561 1.449789 1.449789 1.449789 
0 193.752051 -2.597781 -23.262887 0.588646 0.387713 -0.454081 -0.544963 
5 1.503781 1.353271 1.353271 1.353271 
0 228.729402 -11.026668 38.586855 0.519553 -0.049181 -0.853007 -0.004933 
5 0.912300 1.357435 1.357435 1.357435 
0 200.462943 -21.744304 102.003720 0.425024 0.153610 -0.860592 -0.234818 
5 0.584079 1.469813 1.469813 1.469813 
0 147.061020 10.238338 -119.831219 0.625268 -0.197721 -0.268970 0.705409 
5 0.510964 1.464910 1.464910 1.464910 
0 171.119090 59.020019 -116.718117 0.762239 0.316625 -0.201403 -0.527424 
5 0.425975 1.433764 1.433764 1.433764 
0 -184.818047 -24.413303 -53.825697 0.607180 -0.501295 0.458514 -0.412069 
5 0.375323 1.418016 1.418016 1.418016 
0 -177.605310 19.577697 -65.182626 0.587789 0.386390 0.192216 0.684295 
5 0.589801 1.431760 1.431760 1.431760 
0 180.238769 56.913053 -71.237673 0.736233 0.327363 -0.205546 -0.555469 
5 0.397878 1.407611 1.407611 1.407611 
0 -153.270252 -48.413799 -137.416018 0.590823 0.267360 0.353589 0.674108 
5 0.397878 1.407611 1.407611 1.407611 
0 -146.618044 -48.413799 -144.492489 0.599000 0.251383 0.339552 0.680228 
5 0.397878 1.407611 1.407611 1.407611 
0 -132.922993 -47.253757 -157.535408 0.612170 0.222876 0.309344 0.692734 
5 0.397878 1.407611 1.407611 1.407611 
0 -119.180474 -47.253761 -168.172409 0.624667 0.193475 0.283263 0.701513 
5 0.397878 1.407611 1.407611 1.407611 
0 -113.922872 -47.253760 -171.777536 0.628973 0.182604 0.273569 0.704421 
5 0.397878 1.407611 1.407611 1.407611 
0 -114.601559 -42.549960 -172.553735 0.632408 0.190195 0.266046 0.702215 
5 0.397878 1.407611 1.407611 1.407611 
0 -98.299339 -42.549983 -182.333893 0.643950 0.157771 0.236745 0.710203 
5 0.397878 1.407611 1.407611 1.407611 
0 -99.974918 -30.054773 -183.903725 0.654171 0.177809 0.217356 0.702283 
5 0.397878 1.407611 1.407611 1.407611 
0 -86.606066 -25.855163 -191.180161 0.664150 0.158774 0.186466 0.706347 
5 0.397878 1.407611 1.407611 1.407611 
0 -75.398460 -23.806446 -196.130970 0.671200 0.141147 0.163619 0.709082 
5 0.397878 1.407611 1.407611 1.407611 
0 -50.537395 -17.777244 -204.570245 0.683151 0.106193 0.111158 0.713912 
5 0.397878 1.407611 1.407611 1.407611 
0 -22.543696 -30.259367 -208.075360 0.695388 0.036564 0.085892 0.712545 
5 0.397878 1.407611 1.407611 1.407611 
0 -7.725862 -25.166661 -209.896388 0.700706 0.018308 0.050589 0.711419 
5 0.397878 1.407611 1.407611 1.407611 
0 33.827113 -22.460341 -206.552473 0.707731 -0.048812 -0.026828 0.704283 
5 0.397878 1.407611 1.407611 1.407611 
0 61.513704 -18.940540 -199.473306 0.705536 -0.091871 -0.083535 0.697711 
5 0.397878 1.407611 1.407611 1.407611 
0 76.993603 -15.263978 -193.789872 0.700281 -0.113917 -0.118801 0.694634 
5 0.397878 1.407611 1.407611 1.407611 
0 99.895529 -15.263967 -182.287199 0.691373 -0.157590 -0.162821 0.686046 
5 0.397878 1.407611 1.407611 1.407611 
0 109.848171 -13.941699 -176.114062 0.686147 -0.174938 -0.185034 0.681441 
5 0.397878 1.407611 1.407611 1.407611 
0 130.953495 -12.477499 -159.946746 0.674547 -0.215632 -0.233350 0.666362 
5 0.397878 1.407611 1.407611 1.407611 
0 158.379364 -18.163118 -130.660125 0.657144 -0.287250 -0.293370 0.632126 
5 0.397878 1.407611 1.407611 1.407611 
0 170.029127 -18.928071 -113.856839 0.643610 -0.319260 -0.326295 0.614304 
5 0.397878 1.407611 1.407611 1.407611 
0 186.172926 -15.578417 -81.926375 0.610211 -0.366558 -0.388347 0.585205 
5 0.397878 1.407611 1.407611 1.407611 
0 194.003102 -21.868375 -56.928122 0.593209 -0.410060 -0.421257 0.549997 
5 0.397878 1.407611 1.407611 1.407611 
0 198.232163 -24.655519 -34.159620 0.572752 -0.443114 -0.452811 0.520160 
5 0.397878 1.407611 1.407611 1.407611 
0 199.571258 -25.843400 -17.590410 0.555837 -0.464747 -0.475625 0.498835 
5 0.397878 1.407611 1.407611 1.407611 
0 199.413671 -29.861848 -7.395049 0.548405 -0.482096 -0.484477 0.481786 
5 0.397878 1.407611 1.407611 1.407611 
0 198.122135 -29.105729 14.337313 0.522317 -0.504144 -0.516664 0.453963 
5 0.397878 1.407611 1.407611 1.407611 
0 193.557089 -25.318064 42.001890 0.481256 -0.528605 -0.557878 0.421594 
5 0.397878 1.407611 1.407611 1.407611 
0 186.796449 -24.958477 63.813441 0.448328 -0.551273 -0.584739 0.391383 
5 0.397878 1.407611 1.407611 1.407611 
0 177.100726 -24.958485 85.539735 0.412995 -0.573435 -0.610207 0.358126 
5 0.397878 1.407611 1.407611 1.407611 
0 162.097556 -24.958480 110.121038 0.368088 -0.597683 -0.638301 0.316003 
5 0.397878 1.407611 1.407611 1.407611 
0 145.732890 -24.958442 129.933040 0.326412 -0.616711 -0.660585 0.277038 
5 0.397878 1.407611 1.407611 1.407611 
0 114.281851 -23.346008 157.258535 0.254365 -0.636503 -0.696401 0.212575 
5 0.397878 1.407611 1.407611 1.407611 
0 90.827496 -23.380435 171.548235 0.206829 -0.646657 -0.714761 0.167847 
5 0.397878 1.407611 1.407611 1.407611 
0 64.775717 -23.380433 182.714596 0.156075 -0.656856 -0.727532 0.121976 
5 0.397878 1.407611 1.407611 1.407611 
0 40.697733 -29.992289 189.035171 0.121903 -0.662279 -0.736056 0.068910 
5 0.397878 1.407611 1.407611 1.407611 
0 4.496038 -36.424035 192.769557 0.065035 -0.661297 -0.747291 -0.003493 
5 0.397878 1.407611 1.407611 1.407611 
0 -27.498658 -36.424044 191.435240 0.005162 -0.658907 -0.750098 -0.056281 
5 0.397878 1.407611 1.407611 1.407611 
0 -55.367236 -36.424056 185.627845 0.048180 0.653238 0.748567 0.102985 
5 0.397878 1.407611 1.407611 1.407611 
0 -65.212190 -36.424059 182.514945 0.067365 0.650382 0.747085 0.119706 
5 0.397878 1.407611 1.407611 1.407611 
0 -55.951928 -38.580657 184.511789 0.035988 0.691000 0.713501 0.110184 
5 0.397878 1.407611 1.407611 1.407611 
0 -72.586917 -39.702308 179.114781 0.066415 0.681949 0.714335 0.142335 
5 0.397878 1.407611 1.407611 1.407611 
0 -87.796926 -37.565500 172.633376 0.100524 0.674312 0.712378 0.166481 
5 0.397878 1.407611 1.407611 1.407611 
0 -112.188758 -31.906882 159.342377 0.163258 0.655742 0.709065 0.201435 
5 0.397878 1.407611 1.407611 1.407611 
0 -158.982960 -14.387028 118.361254 0.304050 0.619751 0.672476 0.266906 
5 0.397878 1.407611 1.407611 1.407611 
0 -162.692448 -13.916227 113.889032 0.306734 0.631530 0.654584 0.280365 
5 0.397878 1.407611 1.407611 1.407611 
0 -174.601196 -11.961473 94.892279 0.340982 0.623835 0.627924 0.316658 
5 0.397878 1.407611 1.407611 1.407611 
0 -183.949457 -14.964994 74.644424 0.367930 0.606404 0.606996 0.358409 
5 0.397878 1.407611 1.407611 1.407611 
0 -191.320319 -15.389886 52.847190 0.397509 0.589109 0.580722 0.397114 
5 0.397878 1.407611 1.407611 1.407611 
0 -194.779500 -14.824366 38.397471 0.415113 0.579302 0.560458 0.421874 
5 0.397878 1.407611 1.407611 1.407611 
0 -197.035751 -13.358255 25.132634 0.433074 0.569063 0.541858 0.441593 
5 0.397878 1.407611 1.407611 1.407611 
0 -198.114624 -11.339878 15.970732 0.445887 0.563176 0.527162 0.454002 
5 0.397878 1.407611 1.407611 1.407611 
0 -198.892416 -8.576522 1.194697 0.465951 0.551604 0.504379 0.473523 
5 0.397878 1.407611 1.407611 1.407611 
0 -196.412264 -15.743731 -28.416935 0.484315 0.512442 0.471853 0.529336 
5 0.397878 1.407611 1.407611 1.407611 
0 -192.503400 -15.743749 -48.246016 0.507713 0.484824 0.446580 0.554742 
5 0.397878 1.407611 1.407611 1.407611 
0 -187.185954 -17.316499 -65.533482 0.524723 0.457532 0.424776 0.578702 
5 0.397878 1.407611 1.407611 1.407611 
0 -175.292692 -17.316521 -92.766347 0.555072 0.412891 0.384270 0.611353 
5 0.397878 1.407611 1.407611 1.407611 
0 -170.731117 -17.316499 -100.915590 0.563965 0.398382 0.371095 0.620905 
5 0.397878 1.407611 1.407611 1.407611 
0 -159.887641 -16.546057 -117.452114 0.578025 0.370096 0.339683 0.643064 
5 0.397878 1.407611 1.407611 1.407611 
0 -149.363102 -13.233237 -130.951332 0.589662 0.349124 0.307188 0.660338 
5 0.397878 1.407611 1.407611 1.407611 
0 -122.155356 -22.671585 -155.552357 0.604887 0.273115 0.267259 0.698636 
5 0.397878 1.407611 1.407611 1.407611 
0 -91.937770 -21.872144 -175.217371 0.620708 0.211169 0.208875 0.725604 
5 0.397878 1.407611 1.407611 1.407611 
0 -60.347598 -21.398278 -188.499527 0.630365 0.149360 0.153317 0.746207 
5 0.397878 1.407611 1.407611 1.407611 
0 -29.671609 -18.348991 -195.996042 0.628427 0.095500 0.097342 0.765822 
5 0.397878 1.407611 1.407611 1.407611 
0 -14.849127 -16.284879 -197.852473 0.623887 0.070298 0.070218 0.775173 
5 0.397878 1.407611 1.407611 1.407611 
0 -17.548969 -30.539643 -195.936232 0.633793 0.052217 0.101627 0.765017 
5 0.397878 1.407611 1.407611 1.407611 
0 9.671013 -33.347957 -196.025028 0.627992 -0.004903 0.065042 0.775481 
5 0.397878 1.407611 1.407611 1.407611 
0 40.664474 22.591510 -193.561688 0.689766 0.034012 -0.104270 0.715678 
5 0.397878 1.407611 1.407611 1.407611 
0 50.081714 -10.845040 -192.366623 0.714674 -0.039979 -0.065812 0.695206 
5 0.397878 1.407611 1.407611 1.407611 
0 101.426394 0.958667 -171.295266 0.717785 -0.107939 -0.194364 0.659815 
5 0.397878 1.407611 1.407611 1.407611 
0 141.302144 -9.388064 -139.913973 0.683857 -0.214234 -0.262412 0.646207 
5 0.397878 1.407611 1.407611 1.407611 
0 178.149916 -10.867823 -88.177065 0.610180 -0.333407 -0.346403 0.629702 
5 0.397878 1.407611 1.407611 1.407611 
0 191.397886 -7.453435 -54.242757 0.577798 -0.380172 -0.411104 0.593811 
5 0.397878 1.407611 1.407611 1.407611 
0 198.063206 -8.046650 -18.372233 0.544220 -0.427837 -0.468317 0.549052 
5 0.397878 1.407611 1.407611 1.407611 
0 197.282574 -3.936558 26.368087 0.488137 -0.474184 -0.539127 0.496200 
5 0.397878 1.407611 1.407611 1.407611 
0 188.902054 -19.175857 59.837797 0.463890 -0.527259 -0.569685 0.426923 
5 0.397878 1.407611 1.407611 1.407611 
0 168.775881 -16.904325 104.217513 0.389612 -0.566749 -0.631315 0.358383 
5 0.397878 1.407611 1.407611 1.407611 
0 168.775881 -16.904325 104.217513 0.389612 -0.566749 -0.631315 0.358383 
5 0.397878 1.407611 1.407611 1.407611 
0 125.340150 -39.099085 149.648401 0.320372 -0.622840 -0.678784 0.220646 
5 0.397878 1.407611 1.407611 1.407611 
0 76.302456 -21.121440 182.662397 0.184127 -0.667332 -0.702729 0.164126 
5 0.397878 1.407611 1.407611 1.407611 
0 39.397098 -21.605400 193.946761 0.116387 -0.695638 -0.701864 0.099639 
5 0.397878 1.407611 1.407611 1.407611 
0 -10.086793 -16.717336 198.124872 0.022671 -0.726221 -0.686780 0.020551 
5 0.397878 1.407611 1.407611 1.407611 
0 -53.903834 -19.871086 190.615166 0.045485 0.733928 0.674337 0.067461 
5 0.397878 1.407611 1.407611 1.407611 
0 -70.618666 -15.529207 185.489964 0.080130 0.740425 0.660709 0.093883 
5 0.397878 1.407611 1.407611 1.407611 
0 -94.088479 -7.084353 175.305167 0.151279 0.701509 0.686159 0.119099 
5 0.397878 1.407611 1.407611 1.407611 
0 -126.875139 -11.115500 153.015960 0.205630 0.697001 0.657295 0.199672 
5 0.397878 1.407611 1.407611 1.407611 
0 -153.240872 -24.847612 124.639298 0.244842 0.665588 0.643076 0.288962 
5 0.397878 1.407611 1.407611 1.407611 
0 -177.069650 -21.979204 88.306282 0.307555 0.646093 0.596358 0.363773 
5 0.397878 1.407611 1.407611 1.407611 
0 -189.998360 -26.976058 52.985137 0.347028 0.611540 0.561886 0.435746 
5 0.397878 1.407611 1.407611 1.407611 
0 -197.640224 -23.301151 5.413223 0.393883 0.577220 0.491601 0.519617 
5 0.397878 1.407611 1.407611 1.407611 
0 -193.478412 -26.380588 -38.777340 0.474176 0.490616 0.467920 0.561698 
5 0.397878 1.407611 1.407611 1.407611 
0 -182.925592 -19.891472 -75.994366 0.558862 0.422058 0.425665 0.573018 
5 0.397878 1.407611 1.407611 1.407611 
0 -169.701233 -18.942419 -102.346534 0.615688 0.365126 0.391411 0.578281 
5 0.397878 1.407611 1.407611 1.407611 
0 -153.562142 -22.171710 -124.736614 0.615457 0.330222 0.345557 0.626703 
5 0.601527 1.497801 1.497801 1.497801 
0 16.584860 31.514477 -182.649003 0.695474 0.007948 0.067883 -0.715294 
5 0.478595 1.441492 1.441492 1.441492 
0 -95.325391 49.143985 -165.989240 0.683570 -0.085357 0.235641 -0.685506 
5 0.261866 1.497203 1.497203 1.497203 
0 177.413195 8.874663 -90.113499 0.597968 0.349928 -0.341018 -0.635367 
5 0.419460 1.405089 1.405089 1.405089 
0 178.032138 -42.279721 93.866938 0.242743 0.538240 -0.673672 -0.444454 
5 0.419460 1.405089 1.405089 1.405089 
0 178.032138 -42.279721 93.866938 0.242743 0.538240 -0.673672 -0.444454 
5 0.275856 1.406800 1.406800 1.406800 
0 174.402576 -40.923752 57.220043 0.243351 0.532006 -0.680177 -0.441712 
5 0.643697 1.484496 1.484496 1.484496 
0 195.500737 16.910219 -77.586004 0.615165 0.352399 -0.318242 -0.629371 
5 0.561579 1.436476 1.436476 1.436476 
0 195.486659 -2.113859 -85.307459 0.464424 0.464344 -0.414539 -0.629963 
5 0.381033 1.348314 1.348314 1.348314 
0 189.053290 -66.700204 -24.113083 0.605631 0.113740 -0.606451 -0.502484 
5 0.712143 1.363366 1.363366 1.363366 
0 212.381497 -21.679710 -17.012455 0.221102 0.585778 -0.391259 -0.674459 
5 0.185552 1.333615 1.333615 1.333615 
0 174.527462 -87.761272 -28.455909 0.420319 0.259765 -0.571065 -0.655545 
5 0.185552 1.333615 1.333615 1.333615 
0 174.527462 -87.761272 -28.455909 0.420319 0.259765 -0.571065 -0.655545 
5 0.565468 1.493664 1.493664 1.493664 
0 25.971850 16.815656 -176.481813 0.692445 -0.004490 -0.128928 0.709844 
5 1.342838 1.422550 1.422550 1.422550 
0 -99.073034 10.088118 -169.222564 0.993496 0.004742 0.103125 -0.048047 
5 0.413675 1.491360 1.491360 1.491360 
0 27.934870 43.206404 -175.767546 0.855931 0.022952 0.083514 -0.509785 
5 1.126284 1.446649 1.446649 1.446649 
0 -84.816059 -11.962512 -184.606308 0.471525 0.121229 0.053777 0.871823 
5 0.813411 1.486370 1.486370 1.486370 
0 -123.651492 34.340759 -165.420041 0.641855 -0.172006 0.241279 -0.707262 
5 0.648628 1.435546 1.435546 1.435546 
0 -189.925883 2.087862 -11.090160 0.507391 0.533767 0.479123 0.477585 
5 0.648620 1.435538 1.435538 1.435538 
0 -187.769828 3.128227 12.229073 0.507445 0.531938 0.480230 0.478457 
5 0.523541 1.428059 1.428059 1.428059 
0 186.027988 25.399524 3.268602 0.471269 0.545878 -0.416586 -0.553515 
5 0.648275 1.424333 1.424333 1.424333 
0 76.568033 3.027613 -161.070415 0.673500 -0.014415 -0.073233 0.735409 
5 1.114593 1.366441 1.366441 1.366441 
0 -46.209391 11.349193 -189.644379 0.997481 0.025670 -0.023716 -0.061729 
5 0.389764 1.381517 1.381517 1.381517 
0 -177.861520 56.039897 -78.196958 0.686852 0.476863 0.229835 0.498007 
5 0.505539 1.417044 1.417044 1.417044 
0 107.439560 2.738909 -176.151359 0.592671 0.133257 -0.129927 -0.783647 
5 1.264794 1.373332 1.373332 1.373332 
0 -90.105353 -14.722571 -184.449486 0.996746 -0.046861 0.064320 -0.012810 
5 0.364581 1.381004 1.381004 1.381004 
0 -176.787334 53.685886 -53.011641 0.680214 0.483528 0.231037 0.500131 
5 0.520363 1.449686 1.449686 1.449686 
0 190.171347 52.925297 77.902985 0.251349 -0.518288 -0.687600 0.442049 
5 0.512900 1.401817 1.401817 1.401817 
0 201.045063 21.877865 50.590463 0.463952 0.568388 -0.458869 -0.501121 
5 0.512900 1.401817 1.401817 1.401817 
0 201.045063 21.877865 50.590463 0.463952 0.568388 -0.458869 -0.501121 
5 0.143725 1.478365 1.478365 1.478365 
0 176.172048 -21.178847 101.358771 0.463892 -0.507457 -0.648405 0.326898 
5 0.213773 1.395793 1.395793 1.395793 
0 185.717612 -29.807489 -49.636163 0.477787 -0.527652 -0.393070 0.582064 
5 0.549698 1.481320 1.481320 1.481320 
0 111.003323 -10.366491 157.532168 0.212506 -0.642519 -0.704275 0.214495 
5 0.440353 1.490389 1.490389 1.490389 
0 179.101054 -17.501725 -77.108750 0.550237 -0.435591 -0.447073 0.554639 
5 0.474127 1.474604 1.474604 1.474604 
0 78.719003 33.345651 -167.990100 0.694526 0.241756 -0.146431 -0.661624 
5 0.586560 1.481322 1.481322 1.481322 
0 112.830692 -14.092823 177.510597 0.210964 -0.701141 -0.645296 0.217918 
5 0.586560 1.481322 1.481322 1.481322 
0 112.830692 -14.092823 177.510597 0.210964 -0.701141 -0.645296 0.217918 
5 0.551625 1.394653 1.394653 1.394653 
0 156.993178 -5.027513 150.754923 0.211588 -0.665114 -0.667836 0.258552 
5 0.296184 1.379241 1.379241 1.379241 
0 53.367433 -30.800122 199.447432 0.072329 -0.676235 0.722722 0.123078 
5 0.296184 1.379241 1.379241 1.379241 
0 53.367433 -30.800122 199.447432 0.072329 -0.676235 0.722722 0.123078 
5 0.155679 1.410451 1.410451 1.410451 
0 197.564734 -2.185239 87.866172 0.258373 -0.686765 -0.536732 0.416553 
5 0.057595 1.365019 1.365019 1.365019 
0 187.888308 52.190773 25.654617 0.384385 -0.386243 -0.621101 0.563292 
